running SimpleVesselGenerator on 4 ranks for 5 generations and 2 dimensions
srun -p medusa -n 4 --mpi=pmi2 /home/sshirzad/src/VascularModeling/Radiation_Modeling_Projects/build/Output/SimpleVesselGenerator 5 2 /work/sshirzad/repos/VascularModelingData/results/geometry_4_5_2
Calculated Root Levels: 3
Total Vessels in Network: 14
Vessels in Arrays: 7
Root Network Build Time: 1.64071e-05
Root Network Vessels
Arteries
0: -0.412548,0,0	-0.278271,0,0	0.00629961	0	1
Root Network Vessels
Arteries
0: -0.412548,0,0	-0.278271,0,0	0.00629961	0	1
0: 1, 2, 

1: -0.278271,0,0	-0.198441,0.0718793,0	0.005	1	2
1: 0, 2, 6, 20, 

Root Network Vessels
Arteries
0: -0.412548,0,0	-0.278271,0,0	0.00629961	0	1
0: 1, 2, 

1: -0.278271,0,0	-0.198441,0.0718793,0	0.005	1	2
1: 0, 2, 6, 20, 

Root Network Vessels
Arteries
0: -0.412548,0,0	-0.278271,0,0	0.00629961	0	1
0: 1, 2, 

1: -0.278271,0,0	-0.198441,0.0718793,0	0.005	1	2
1: 0, 2, 6, 20, 

2: -0.278271,0,0	-0.198441,-0.0718793,0	0.005	1	3
0: 1, 2, 

1: -0.278271,0,0	-0.198441,0.0718793,0	0.005	1	2
1: 0, 2, 6, 20, 

2: -0.278271,0,0	-0.198441,-0.0718793,0	0.005	1	3
2: 0, 1, 34, 48, 


Veins
2: -0.278271,0,0	-0.198441,-0.0718793,0	0.005	1	3
2: 0, 1, 34, 48, 


Veins
2: -0.278271,0,0	-0.198441,-0.0718793,0	0.005	1	3
2: 0, 1, 34, 48, 


Veins
4: 0.198441,0.0718793,0	0.278271,0,0	0.005	44	46
2: 0, 1, 34, 48, 


Veins
4: 0.198441,0.0718793,0	0.278271,0,0	0.005	44	46
4: 0.198441,0.0718793,0	0.278271,0,0	0.005	44	46
19: 5, 4, 19, 33, 

4: 0.198441,0.0718793,0	0.278271,0,0	0.005	44	46
19: 5, 4, 19, 33, 

5: 0.198441,-0.0718793,0	0.278271,0,0	0.005	45	46
20: 5, 3, 47, 61, 

19: 5, 4, 19, 33, 

5: 0.198441,-0.0718793,0	0.278271,0,0	0.005	45	46
20: 5, 3, 47, 61, 

19: 5, 4, 19, 33, 

5: 0.198441,-0.0718793,0	0.278271,0,0	0.005	45	46
20: 5, 3, 47, 61, 

5: 0.198441,-0.0718793,0	0.278271,0,0	0.005	45	46
20: 5, 3, 47, 61, 

6: 0.278271,0,0	0.412548,0,0	0.00629961	46	47
21: 3, 4, 

6: 0.278271,0,0	0.412548,0,0	0.00629961	46	47
21: 3, 4, 

6: 0.278271,0,0	0.412548,0,0	0.00629961	46	47
21: 3, 4, 

6: 0.278271,0,0	0.412548,0,0	0.00629961	46	47
21: 3, 4, 

Root Network Export time: 0.0122347
Sub Network build time time: 0.300175
Write Geom Data to File 
Geom Vector conversion time 0.0799473
Write Geom Data time: 0.475309
Create num Connected Vessels 
time: 3.01702e-06
Create Connected Vessels Array
time: 2.64123e-06
Write Connected Vessels data
time: 0.000839216
Sub Network Vessels:
arteries
Sub Network Export time: 0.476776
1,0: -0.198441,0.0718793,0	-0.120682,0.0352889,0	0.0039685	2	5
Sub Network Vessels:
arteries
0: 1, 6, 21, 22, 

Sub Network Vessels:
arteries
0,0: -0.198441,0.0718793,0	-0.120682,0.10847,0	0.0039685	2	4
1,1: -0.120682,0.0352889,0	-0.054312,0.0532217,0	0.0031498	5	16
3,0: -0.198441,-0.0718793,0	-0.120682,-0.10847,0	0.0039685	3	7
0: 1, 20, 7, 8, 

1: 20, 22, 23, 24, 

0: 2, 34, 49, 50, 

0,1: -0.120682,0.10847,0	-0.054312,0.126403,0	0.0031498	4	8
1: 6, 8, 9, 10, 

1,2: -0.120682,0.0352889,0	-0.054312,0.017356,0	0.0031498	5	17
2: 20, 21, 25, 26, 

3,1: -0.120682,-0.10847,0	-0.054312,-0.0905368,0	0.0031498	7	32
1: 48, 50, 51, 52, 

0,2: -0.120682,0.10847,0	-0.054312,0.0905368,0	0.0031498	4	9
2: 6, 7, 11, 12, 

1,3: -0.054312,0.0532217,0	-4.85723e-17,0.0618939,0	0.0025	16	18
3: 21, 24, 27, 

3,2: -0.120682,-0.10847,0	-0.054312,-0.126403,0	0.0031498	7	33
2: 48, 49, 53, 54, 

0,3: -0.054312,0.126403,0	-4.85723e-17,0.135075,0	0.0025	8	10
1,4: -0.054312,0.0532217,0	-4.85723e-17,0.0445496,0	0.0025	16	19
4: 21, 23, 28, 

Sub Network Vessels:
arteries
3,3: -0.054312,-0.0905368,0	-4.85723e-17,-0.0818647,0	0.0025	32	34
3: 49, 52, 55, 

3: 7, 10, 13, 

0,4: -0.054312,0.126403,0	-4.85723e-17,0.11773,0	0.0025	8	11
1,5: -0.054312,0.017356,0	-4.85723e-17,0.0260282,0	0.0025	17	20
5: 22, 26, 29, 

2,0: -0.198441,-0.0718793,0	-0.120682,-0.0352889,0	0.0039685	3	6
3,4: -0.054312,-0.0905368,0	-4.85723e-17,-0.099209,0	0.0025	32	35
4: 49, 51, 56, 

4: 7, 9, 14, 

0,5: -0.054312,0.0905368,0	-4.85723e-17,0.099209,0	0.0025	9	12
1,6: -0.054312,0.017356,0	-4.85723e-17,0.00868385,0	0.0025	17	21
6: 22, 25, 30, 

0: 2, 48, 35, 36, 

3,5: -0.054312,-0.126403,0	-4.85723e-17,-0.11773,0	0.0025	33	36
5: 50, 54, 57, 

5: 8, 12, 15, 

0,6: -0.054312,0.0905368,0	-4.85723e-17,0.0818647,0	0.0025	9	13

Veins
1,7: 4.85723e-17,0.0618939,0	0.054312,0.0532217,0	0.0025	18	22
2,1: -0.120682,-0.0352889,0	-0.054312,-0.017356,0	0.0031498	6	24
1: 34, 36, 37, 38, 

3,6: -0.054312,-0.126403,0	-4.85723e-17,-0.135075,0	0.0025	33	37
6: 50, 53, 58, 


Veins
6: 8, 11, 16, 


Veins
0,7: 4.85723e-17,0.135075,0	0.054312,0.126403,0	0.0025	10	14
15: 31, 28, 23, 

1,8: 4.85723e-17,0.0445496,0	0.054312,0.0532217,0	0.0025	19	22
2,2: -0.120682,-0.0352889,0	-0.054312,-0.0532217,0	0.0031498	6	25
2: 34, 35, 39, 40, 

3,7: 4.85723e-17,-0.0818647,0	0.054312,-0.0905368,0	0.0025	34	38
15: 59, 56, 51, 

15: 17, 14, 9, 

0,8: 4.85723e-17,0.11773,0	0.054312,0.126403,0	0.0025	11	14
16: 31, 27, 24, 

1,9: 4.85723e-17,0.0260282,0	0.054312,0.017356,0	0.0025	20	23
2,3: -0.054312,-0.017356,0	-4.85723e-17,-0.00868385,0	0.0025	24	26
3: 35, 38, 41, 

3,8: 4.85723e-17,-0.099209,0	0.054312,-0.0905368,0	0.0025	35	38
16: 59, 55, 52, 

16: 17, 13, 10, 

0,9: 4.85723e-17,0.099209,0	0.054312,0.0905368,0	0.0025	12	15
17: 32, 30, 25, 

1,10: 4.85723e-17,0.00868385,0	0.054312,0.017356,0	0.0025	21	23
18: 32, 29, 26, 
2,4: -0.054312,-0.017356,0	-4.85723e-17,-0.0260282,0	0.0025	24	27
4: 35, 37, 42, 

3,9: 4.85723e-17,-0.11773,0	0.054312,-0.126403,0	0.0025	36	39
17: 60, 58, 53, 

17: 18, 16, 11, 

0,10: 4.85723e-17,0.0818647,0	0.054312,0.0905368,0	0.0025	13	15

1,11: 0.054312,0.0532217,0	0.120682,0.0352889,0	0.0031498	22	41
2,5: -0.054312,-0.0532217,0	-4.85723e-17,-0.0445496,0	0.0025	25	28
5: 36, 40, 43, 

3,10: 4.85723e-17,-0.135075,0	0.054312,-0.126403,0	0.0025	37	39
18: 60, 57, 54, 

18: 18, 15, 12, 

0,11: 0.054312,0.126403,0	0.120682,0.10847,0	0.0031498	14	40
19: 33, 32, 27, 28, 

1,12: 0.054312,0.017356,0	0.120682,0.0352889,0	0.0031498	23	41
2,6: -0.054312,-0.0532217,0	-4.85723e-17,-0.0618939,0	0.0025	25	29
6: 36, 39, 44, 


Veins
3,11: 0.054312,-0.0905368,0	0.120682,-0.10847,0	0.0031498	38	43
19: 61, 60, 55, 56, 

19: 19, 18, 13, 14, 

20: 33, 31, 29, 30, 

1,13: 0.120682,0.0352889,0	0.198441,0.0718793,0	0.0039685	41	44
2,7: 4.85723e-17,-0.00868385,0	0.054312,-0.017356,0	0.0025	26	30
15: 45, 42, 37, 

3,12: 0.054312,-0.126403,0	0.120682,-0.10847,0	0.0031498	39	43
20: 61, 59, 57, 58, 

0,12: 0.054312,0.0905368,0	0.120682,0.10847,0	0.0031498	15	40
20: 19, 17, 15, 16, 

21: 3, 19, 31, 32, 

2,8: 4.85723e-17,-0.0260282,0	0.054312,-0.017356,0	0.0025	27	30
16: 45, 41, 38, 

3,13: 0.120682,-0.10847,0	0.198441,-0.0718793,0	0.0039685	43	45
21: 4, 47, 59, 60, 

0,13: 0.120682,0.10847,0	0.198441,0.0718793,0	0.0039685	40	44
21: 3, 33, 17, 18, 

Time Excluding MPI Initialization and Finalize: 0.789833
2,9: 4.85723e-17,-0.0445496,0	0.054312,-0.0532217,0	0.0025	28	31
17: 46, 44, 39, 

2,10: 4.85723e-17,-0.0618939,0	0.054312,-0.0532217,0	0.0025	29	31
18: 46, 43, 40, 

2,11: 0.054312,-0.017356,0	0.120682,-0.0352889,0	0.0031498	30	42
19: 47, 46, 41, 42, 

2,12: 0.054312,-0.0532217,0	0.120682,-0.0352889,0	0.0031498	31	42
20: 47, 45, 43, 44, 

2,13: 0.120682,-0.0352889,0	0.198441,-0.0718793,0	0.0039685	42	45
21: 4, 61, 45, 46, 

Total Time: 0.94549
