running SimpleVesselGenerator on 8 ranks for 7 generations and 2 dimensions
srun -p medusa -n 8 --mpi=pmi2 /home/sshirzad/src/VascularModeling/Radiation_Modeling_Projects/build/Output/SimpleVesselGenerator 7 2 /work/sshirzad/repos/VascularModelingData/results/geometry_8_7_2
Calculated Root Levels: 4
Total Vessels in Network: 30
Vessels in Arrays: 15
Root Network Build Time: 0.000139218
Root Network Vessels
Arteries
0: -0.767957,0,0	-0.558148,0,0	0.01	0	1
Root Network Vessels
Arteries
0: -0.767957,0,0	-0.558148,0,0	0.01	0	1
0: 1, 2, 

1: -0.558148,0,0	-0.433414,0.112311,0	0.00793701	1	2
Root Network Vessels
Arteries
0: -0.767957,0,0	-0.558148,0,0	0.01	0	1
0: 1, 2, 

1: -0.558148,0,0	-0.433414,0.112311,0	0.00793701	1	2
1: 0, 2, 3, 4, 

Root Network Vessels
Arteries
0: -0.767957,0,0	-0.558148,0,0	0.01	0	1
0: 1, 2, 

1: -0.558148,0,0	-0.433414,0.112311,0	0.00793701	1	2
1: 0, 2, 3, 4, 

Root Network Vessels
Arteries
0: -0.767957,0,0	-0.558148,0,0	0.01	0	1
0: 1, 2, 

1: -0.558148,0,0	-0.433414,0.112311,0	0.00793701	1	2
1: 0, 2, 3, 4, 

Root Network Vessels
Arteries
0: -0.767957,0,0	-0.558148,0,0	0.01	0	1
0: 1, 2, 

1: -0.558148,0,0	-0.433414,0.112311,0	0.00793701	1	2
1: 0, 2, 3, 4, 

2: -0.558148,0,0	-0.433414,-0.112311,0	0.00793701	1	3
Root Network Vessels
Arteries
0: -0.767957,0,0	-0.558148,0,0	0.01	0	1
0: 1, 2, 

1: -0.558148,0,0	-0.433414,0.112311,0	0.00793701	1	2
1: 0, 2, 3, 4, 

2: -0.558148,0,0	-0.433414,-0.112311,0	0.00793701	1	3
2: 0, 1, 5, 6, 

Root Network Vessels
Arteries
0: -0.767957,0,0	-0.558148,0,0	0.01	0	1
0: 1, 2, 

1: -0.558148,0,0	-0.433414,0.112311,0	0.00793701	1	2
1: 0, 2, 3, 4, 

2: -0.558148,0,0	-0.433414,-0.112311,0	0.00793701	1	3
2: 0, 1, 5, 6, 

3: -0.433414,0.112311,0	-0.311916,0.169484,0	0.00629961	2	4
0: 1, 2, 

1: -0.558148,0,0	-0.433414,0.112311,0	0.00793701	1	2
1: 0, 2, 3, 4, 

2: -0.558148,0,0	-0.433414,-0.112311,0	0.00793701	1	3
2: 0, 1, 5, 6, 

3: -0.433414,0.112311,0	-0.311916,0.169484,0	0.00629961	2	4
3: 1, 4, 14, 44, 

1: 0, 2, 3, 4, 

2: -0.558148,0,0	-0.433414,-0.112311,0	0.00793701	1	3
2: 0, 1, 5, 6, 

3: -0.433414,0.112311,0	-0.311916,0.169484,0	0.00629961	2	4
3: 1, 4, 14, 44, 

2: -0.558148,0,0	-0.433414,-0.112311,0	0.00793701	1	3
2: 0, 1, 5, 6, 

3: -0.433414,0.112311,0	-0.311916,0.169484,0	0.00629961	2	4
3: 1, 4, 14, 44, 

4: -0.433414,0.112311,0	-0.311916,0.0551388,0	0.00629961	2	5
4: 1, 3, 74, 104, 

2: -0.558148,0,0	-0.433414,-0.112311,0	0.00793701	1	3
2: 0, 1, 5, 6, 

3: -0.433414,0.112311,0	-0.311916,0.169484,0	0.00629961	2	4
3: 1, 4, 14, 44, 

4: -0.433414,0.112311,0	-0.311916,0.0551388,0	0.00629961	2	5
4: 1, 3, 74, 104, 

2: -0.558148,0,0	-0.433414,-0.112311,0	0.00793701	1	3
2: 0, 1, 5, 6, 

3: -0.433414,0.112311,0	-0.311916,0.169484,0	0.00629961	2	4
3: 1, 4, 14, 44, 

4: -0.433414,0.112311,0	-0.311916,0.0551388,0	0.00629961	2	5
4: 1, 3, 74, 104, 

2: 0, 1, 5, 6, 

3: -0.433414,0.112311,0	-0.311916,0.169484,0	0.00629961	2	4
3: 1, 4, 14, 44, 

4: -0.433414,0.112311,0	-0.311916,0.0551388,0	0.00629961	2	5
4: 1, 3, 74, 104, 

3: -0.433414,0.112311,0	-0.311916,0.169484,0	0.00629961	2	4
3: 1, 4, 14, 44, 

4: -0.433414,0.112311,0	-0.311916,0.0551388,0	0.00629961	2	5
4: 1, 3, 74, 104, 

5: -0.433414,-0.112311,0	-0.311916,-0.0551388,0	0.00629961	3	6
5: 2, 6, 134, 164, 

3: 1, 4, 14, 44, 

4: -0.433414,0.112311,0	-0.311916,0.0551388,0	0.00629961	2	5
4: 1, 3, 74, 104, 

5: -0.433414,-0.112311,0	-0.311916,-0.0551388,0	0.00629961	3	6
5: 2, 6, 134, 164, 

4: -0.433414,0.112311,0	-0.311916,0.0551388,0	0.00629961	2	5
4: 1, 3, 74, 104, 

5: -0.433414,-0.112311,0	-0.311916,-0.0551388,0	0.00629961	3	6
5: 2, 6, 134, 164, 

6: -0.433414,-0.112311,0	-0.311916,-0.169484,0	0.00629961	3	7
4: -0.433414,0.112311,0	-0.311916,0.0551388,0	0.00629961	2	5
4: 1, 3, 74, 104, 

5: -0.433414,-0.112311,0	-0.311916,-0.0551388,0	0.00629961	3	6
5: 2, 6, 134, 164, 

6: -0.433414,-0.112311,0	-0.311916,-0.169484,0	0.00629961	3	7
6: 2, 5, 194, 224, 


5: -0.433414,-0.112311,0	-0.311916,-0.0551388,0	0.00629961	3	6
5: 2, 6, 134, 164, 

6: -0.433414,-0.112311,0	-0.311916,-0.169484,0	0.00629961	3	7
6: 2, 5, 194, 224, 


Veins
5: -0.433414,-0.112311,0	-0.311916,-0.0551388,0	0.00629961	3	6
5: 2, 6, 134, 164, 

6: -0.433414,-0.112311,0	-0.311916,-0.169484,0	0.00629961	3	7
6: 2, 5, 194, 224, 


Veins
5: -0.433414,-0.112311,0	-0.311916,-0.0551388,0	0.00629961	3	6
5: 2, 6, 134, 164, 

6: -0.433414,-0.112311,0	-0.311916,-0.169484,0	0.00629961	3	7
6: 2, 5, 194, 224, 


Veins
5: -0.433414,-0.112311,0	-0.311916,-0.0551388,0	0.00629961	3	6
5: 2, 6, 134, 164, 

6: -0.433414,-0.112311,0	-0.311916,-0.169484,0	0.00629961	3	7
6: 2, 5, 194, 224, 


Veins
8: 0.311916,0.169484,0	0.433414,0.112311,0	0.00629961	184	188
6: -0.433414,-0.112311,0	-0.311916,-0.169484,0	0.00629961	3	7
6: 2, 5, 194, 224, 


Veins
8: 0.311916,0.169484,0	0.433414,0.112311,0	0.00629961	184	188
71: 11, 8, 43, 73, 

6: -0.433414,-0.112311,0	-0.311916,-0.169484,0	0.00629961	3	7
6: 2, 5, 194, 224, 


Veins
8: 0.311916,0.169484,0	0.433414,0.112311,0	0.00629961	184	188
71: 11, 8, 43, 73, 

6: 2, 5, 194, 224, 


Veins
8: 0.311916,0.169484,0	0.433414,0.112311,0	0.00629961	184	188
71: 11, 8, 43, 73, 

9: 0.311916,0.0551388,0	0.433414,0.112311,0	0.00629961	185	188
Veins
8: 0.311916,0.169484,0	0.433414,0.112311,0	0.00629961	184	188
71: 11, 8, 43, 73, 

9: 0.311916,0.0551388,0	0.433414,0.112311,0	0.00629961	185	188
72: 11, 7, 103, 133, 
8: 0.311916,0.169484,0	0.433414,0.112311,0	0.00629961	184	188
71: 11, 8, 43, 73, 

9: 0.311916,0.0551388,0	0.433414,0.112311,0	0.00629961	185	188
72: 11, 7, 103, 133, 

8: 0.311916,0.169484,0	0.433414,0.112311,0	0.00629961	184	188
71: 11, 8, 43, 73, 

9: 0.311916,0.0551388,0	0.433414,0.112311,0	0.00629961	185	188
72: 11, 7, 103, 133, 

10: 0.311916,-0.0551388,0	0.433414,-0.112311,0	0.00629961	186	189
8: 0.311916,0.169484,0	0.433414,0.112311,0	0.00629961	184	188
71: 11, 8, 43, 73, 

9: 0.311916,0.0551388,0	0.433414,0.112311,0	0.00629961	185	188
72: 11, 7, 103, 133, 

10: 0.311916,-0.0551388,0	0.433414,-0.112311,0	0.00629961	186	189
71: 11, 8, 43, 73, 

9: 0.311916,0.0551388,0	0.433414,0.112311,0	0.00629961	185	188
72: 11, 7, 103, 133, 

10: 0.311916,-0.0551388,0	0.433414,-0.112311,0	0.00629961	186	189
9: 0.311916,0.0551388,0	0.433414,0.112311,0	0.00629961	185	188
72: 11, 7, 103, 133, 

10: 0.311916,-0.0551388,0	0.433414,-0.112311,0	0.00629961	186	189
73: 12, 10, 163, 193, 

9: 0.311916,0.0551388,0	0.433414,0.112311,0	0.00629961	185	188
72: 11, 7, 103, 133, 

10: 0.311916,-0.0551388,0	0.433414,-0.112311,0	0.00629961	186	189
73: 12, 10, 163, 193, 

72: 11, 7, 103, 133, 

10: 0.311916,-0.0551388,0	0.433414,-0.112311,0	0.00629961	186	189
73: 12, 10, 163, 193, 

11: 0.311916,-0.169484,0	0.433414,-0.112311,0	0.00629961	187	189

10: 0.311916,-0.0551388,0	0.433414,-0.112311,0	0.00629961	186	189
73: 12, 10, 163, 193, 

11: 0.311916,-0.169484,0	0.433414,-0.112311,0	0.00629961	187	189
74: 12, 9, 223, 253, 

10: 0.311916,-0.0551388,0	0.433414,-0.112311,0	0.00629961	186	189
73: 12, 10, 163, 193, 

11: 0.311916,-0.169484,0	0.433414,-0.112311,0	0.00629961	187	189
74: 12, 9, 223, 253, 

12: 0.433414,0.112311,0	0.558148,0,0	0.00793701	188	190
73: 12, 10, 163, 193, 

11: 0.311916,-0.169484,0	0.433414,-0.112311,0	0.00629961	187	189
74: 12, 9, 223, 253, 

73: 12, 10, 163, 193, 

11: 0.311916,-0.169484,0	0.433414,-0.112311,0	0.00629961	187	189
74: 12, 9, 223, 253, 

73: 12, 10, 163, 193, 

11: 0.311916,-0.169484,0	0.433414,-0.112311,0	0.00629961	187	189
74: 12, 9, 223, 253, 

12: 0.433414,0.112311,0	0.558148,0,0	0.00793701	188	190
11: 0.311916,-0.169484,0	0.433414,-0.112311,0	0.00629961	187	189
74: 12, 9, 223, 253, 

12: 0.433414,0.112311,0	0.558148,0,0	0.00793701	188	190
75: 13, 12, 7, 8, 

11: 0.311916,-0.169484,0	0.433414,-0.112311,0	0.00629961	187	189
74: 12, 9, 223, 253, 

12: 0.433414,0.112311,0	0.558148,0,0	0.00793701	188	190
75: 13, 12, 7, 8, 

74: 12, 9, 223, 253, 

12: 0.433414,0.112311,0	0.558148,0,0	0.00793701	188	190
75: 13, 12, 7, 8, 

13: 0.433414,-0.112311,0	0.558148,0,0	0.00793701	189	190
12: 0.433414,0.112311,0	0.558148,0,0	0.00793701	188	190
75: 13, 12, 7, 8, 

13: 0.433414,-0.112311,0	0.558148,0,0	0.00793701	189	190
76: 13, 11, 9, 10, 

75: 13, 12, 7, 8, 

13: 0.433414,-0.112311,0	0.558148,0,0	0.00793701	189	190
76: 13, 11, 9, 10, 

12: 0.433414,0.112311,0	0.558148,0,0	0.00793701	188	190
75: 13, 12, 7, 8, 

13: 0.433414,-0.112311,0	0.558148,0,0	0.00793701	189	190
76: 13, 11, 9, 10, 

12: 0.433414,0.112311,0	0.558148,0,0	0.00793701	188	190
75: 13, 12, 7, 8, 

13: 0.433414,-0.112311,0	0.558148,0,0	0.00793701	189	190
76: 13, 11, 9, 10, 

75: 13, 12, 7, 8, 

13: 0.433414,-0.112311,0	0.558148,0,0	0.00793701	189	190
76: 13, 11, 9, 10, 

13: 0.433414,-0.112311,0	0.558148,0,0	0.00793701	189	190
76: 13, 11, 9, 10, 

14: 0.558148,0,0	0.767957,0,0	0.01	190	191
77: 11, 12, 

13: 0.433414,-0.112311,0	0.558148,0,0	0.00793701	189	190
76: 13, 11, 9, 10, 

14: 0.558148,0,0	0.767957,0,0	0.01	190	191
77: 11, 12, 

76: 13, 11, 9, 10, 

14: 0.558148,0,0	0.767957,0,0	0.01	190	191
77: 11, 12, 

14: 0.558148,0,0	0.767957,0,0	0.01	190	191
77: 11, 12, 

14: 0.558148,0,0	0.767957,0,0	0.01	190	191
77: 11, 12, 

14: 0.558148,0,0	0.767957,0,0	0.01	190	191
77: 11, 12, 

14: 0.558148,0,0	0.767957,0,0	0.01	190	191
77: 11, 12, 

14: 0.558148,0,0	0.767957,0,0	0.01	190	191
77: 11, 12, 

Root Network Export time: 0.0257765
Sub Network build time time: 0.765026
Write Geom Data to File 
Geom Vector conversion time 0.188282
Write Geom Data time: 0.870854
Create num Connected Vessels 
time: 2.81399e-06
Create Connected Vessels Array
time: 3.16883e-06
Write Connected Vessels data
time: 0.00114689
Sub Network Export time: 0.872766
Sub Network Vessels:
arteries
Sub Network Vessels:
arteries
Sub Network Vessels:
arteries
Sub Network Vessels:
arteries
0,0: -0.311916,0.169484,0	-0.208213,0.197504,0	0.005	4	8
0: 3, 44, 15, 16, 

1,0: -0.311916,0.169484,0	-0.208213,0.141464,0	0.005	4	9
5,0: -0.311916,-0.0551388,0	-0.208213,-0.0831589,0	0.005	6	13
0: 5, 134, 165, 166, 

7,0: -0.311916,-0.169484,0	-0.208213,-0.197504,0	0.005	7	15
0: 6, 194, 225, 226, 
0,1: -0.208213,0.197504,0	-0.123351,0.211054,0	0.0039685	8	16
1: 14, 16, 17, 18, 

0: 3, 14, 45, 46, 

1,1: -0.208213,0.141464,0	-0.123351,0.155014,0	0.0039685	9	36
Sub Network Vessels:
arteries
Sub Network Vessels:
arteries
Sub Network Vessels:
arteries
4,0: -0.311916,-0.0551388,0	-0.208213,-0.0271188,0	0.005	6	12
0: 5, 164, 135, 136, 

5,1: -0.208213,-0.0831589,0	-0.123351,-0.0696087,0	0.0039685	13	116
1: 164, 166, 167, 168, 

5,2: -0.208213,-0.0831589,0	-0.123351,-0.0967092,0	0.0039685	13	117

7,1: -0.208213,-0.197504,0	-0.123351,-0.183954,0	0.0039685	15	156
1: 224, 226, 227, 228, 

7,2: -0.208213,-0.197504,0	-0.123351,-0.211054,0	0.0039685	15	157
0,2: -0.208213,0.197504,0	-0.123351,0.183954,0	0.0039685	8	17
2: 14, 15, 19, 20, 

0,3: -0.123351,0.211054,0	-0.0549107,0.217576,0	0.0031498	16	18
1: 44, 46, 47, 48, 

1,2: -0.208213,0.141464,0	-0.123351,0.127914,0	0.0039685	9	37
2: 44, 45, 49, 50, 

2,0: -0.311916,0.0551388,0	-0.208213,0.0831589,0	0.005	5	10
0: 4, 104, 75, 76, 

2,1: -0.208213,0.0831589,0	-0.123351,0.0967092,0	0.0039685	10	56
1: 74, 76, 77, 78, 

3,0: -0.311916,0.0551388,0	-0.208213,0.0271188,0	0.005	5	11
0: 4, 74, 105, 106, 

3,1: -0.208213,0.0271188,0	-0.123351,0.040669,0	0.0039685	11	76
1: 104, 106, 107, 108, 

4,1: -0.208213,-0.0271188,0	-0.123351,-0.0135685,0	0.0039685	12	96
1: 134, 136, 137, 138, 

4,2: -0.208213,-0.0271188,0	-0.123351,-0.040669,0	0.0039685	12	97
2: 134, 135, 139, 140, 

2: 164, 165, 169, 170, 

5,3: -0.123351,-0.0696087,0	-0.0549107,-0.0630871,0	0.0031498	116	118
3: 165, 168, 171, 172, 

Sub Network Vessels:
arteries
6,0: -0.311916,-0.169484,0	-0.208213,-0.141464,0	0.005	7	14
0: 6, 224, 195, 196, 

2: 224, 225, 229, 230, 

7,3: -0.123351,-0.183954,0	-0.0549107,-0.177432,0	0.0031498	156	158
3: 225, 228, 231, 232, 

7,4: -0.123351,-0.183954,0	-0.0549107,-0.190475,0	0.0031498	156	159
4: 225, 227, 233, 234, 
3: 15, 18, 21, 22, 

0,4: -0.123351,0.211054,0	-0.0549107,0.204533,0	0.0031498	16	19
4: 15, 17, 23, 24, 

0,5: -0.123351,0.183954,0	-0.0549107,0.190475,0	0.0031498	17	20
5: 16, 20, 25, 26, 

1,3: -0.123351,0.155014,0	-0.0549107,0.161536,0	0.0031498	36	38
3: 45, 48, 51, 52, 

1,4: -0.123351,0.155014,0	-0.0549107,0.148492,0	0.0031498	36	39
4: 45, 47, 53, 54, 

2,2: -0.208213,0.0831589,0	-0.123351,0.0696087,0	0.0039685	10	57
2: 74, 75, 79, 80, 

2,3: -0.123351,0.0967092,0	-0.0549107,0.103231,0	0.0031498	56	58
3: 75, 78, 81, 82, 

3,2: -0.208213,0.0271188,0	-0.123351,0.0135685,0	0.0039685	11	77
2: 104, 105, 109, 110, 

3,3: -0.123351,0.040669,0	-0.0549107,0.0471905,0	0.0031498	76	78
3: 105, 108, 111, 112, 

4,3: -0.123351,-0.0135685,0	-0.0549107,-0.00704696,0	0.0031498	96	98
3: 135, 138, 141, 142, 

4,4: -0.123351,-0.0135685,0	-0.0549107,-0.0200901,0	0.0031498	96	99
4: 135, 137, 143, 144, 

5,4: -0.123351,-0.0696087,0	-0.0549107,-0.0761302,0	0.0031498	116	119
4: 165, 167, 173, 174, 

5,5: -0.123351,-0.0967092,0	-0.0549107,-0.0901876,0	0.0031498	117	120
5: 166, 170, 175, 176, 

5,6: -0.123351,-0.0967092,0	-0.0549107,-0.103231,0	0.0031498	117	121
6,1: -0.208213,-0.141464,0	-0.123351,-0.127914,0	0.0039685	14	136
1: 194, 196, 197, 198, 

6,2: -0.208213,-0.141464,0	-0.123351,-0.155014,0	0.0039685	14	137
2: 194, 195, 199, 200, 

6,3: -0.123351,-0.127914,0	-0.0549107,-0.121392,0	0.0031498	136	138

7,5: -0.123351,-0.211054,0	-0.0549107,-0.204533,0	0.0031498	157	160
5: 226, 230, 235, 236, 

7,6: -0.123351,-0.211054,0	-0.0549107,-0.217576,0	0.0031498	157	161
6: 226, 229, 237, 238, 

0,6: -0.123351,0.183954,0	-0.0549107,0.177432,0	0.0031498	17	21
6: 16, 19, 27, 28, 

0,7: -0.0549107,0.217576,0	-1.38778e-17,0.220709,0	0.0025	18	22
7: 17, 22, 29, 

1,5: -0.123351,0.127914,0	-0.0549107,0.134435,0	0.0031498	37	40
5: 46, 50, 55, 56, 

1,6: -0.123351,0.127914,0	-0.0549107,0.121392,0	0.0031498	37	41
6: 46, 49, 57, 58, 

1,7: -0.0549107,0.161536,0	-1.38778e-17,0.164669,0	0.0025	38	42
2,4: -0.123351,0.0967092,0	-0.0549107,0.0901876,0	0.0031498	56	59
4: 75, 77, 83, 84, 

2,5: -0.123351,0.0696087,0	-0.0549107,0.0761302,0	0.0031498	57	60
5: 76, 80, 85, 86, 

3,4: -0.123351,0.040669,0	-0.0549107,0.0341474,0	0.0031498	76	79
4: 105, 107, 113, 114, 

3,5: -0.123351,0.0135685,0	-0.0549107,0.0200901,0	0.0031498	77	80
5: 106, 110, 115, 116, 

4,5: -0.123351,-0.040669,0	-0.0549107,-0.0341474,0	0.0031498	97	100
5: 136, 140, 145, 146, 

4,6: -0.123351,-0.040669,0	-0.0549107,-0.0471905,0	0.0031498	97	101
6: 136, 139, 147, 148, 

6: 166, 169, 177, 178, 

5,7: -0.0549107,-0.0630871,0	-1.38778e-17,-0.0599538,0	0.0025	118	122
7: 167, 172, 179, 

5,8: -0.0549107,-0.0630871,0	-1.38778e-17,-0.0662205,0	0.0025	118	123
8: 167, 171, 180, 

3: 195, 198, 201, 202, 

6,4: -0.123351,-0.127914,0	-0.0549107,-0.134435,0	0.0031498	136	139
4: 195, 197, 203, 204, 

6,5: -0.123351,-0.155014,0	-0.0549107,-0.148492,0	0.0031498	137	140
7,7: -0.0549107,-0.177432,0	-1.38778e-17,-0.174299,0	0.0025	158	162
7: 227, 232, 239, 

7,8: -0.0549107,-0.177432,0	-1.38778e-17,-0.180566,0	0.0025	158	163
8: 227, 231, 240, 

0,8: -0.0549107,0.217576,0	-1.38778e-17,0.214442,0	0.0025	18	23
8: 17, 21, 30, 

0,9: -0.0549107,0.204533,0	-1.38778e-17,0.207666,0	0.0025	19	24
9: 18, 24, 31, 

7: 47, 52, 59, 

1,8: -0.0549107,0.161536,0	-1.38778e-17,0.158402,0	0.0025	38	43
8: 47, 51, 60, 

1,9: -0.0549107,0.148492,0	-1.38778e-17,0.151626,0	0.0025	39	44
9: 48, 54, 61, 

2,6: -0.123351,0.0696087,0	-0.0549107,0.0630871,0	0.0031498	57	61
6: 76, 79, 87, 88, 

2,7: -0.0549107,0.103231,0	-1.38778e-17,0.106364,0	0.0025	58	62
7: 77, 82, 89, 

2,8: -0.0549107,0.103231,0	-1.38778e-17,0.100097,0	0.0025	58	63
3,6: -0.123351,0.0135685,0	-0.0549107,0.00704696,0	0.0031498	77	81
6: 106, 109, 117, 118, 

3,7: -0.0549107,0.0471905,0	-1.38778e-17,0.0503239,0	0.0025	78	82
7: 107, 112, 119, 

4,7: -0.0549107,-0.00704696,0	-1.38778e-17,-0.0039136,0	0.0025	98	102
7: 137, 142, 149, 

4,8: -0.0549107,-0.00704696,0	-1.38778e-17,-0.0101803,0	0.0025	98	103
8: 137, 141, 150, 

4,9: -0.0549107,-0.0200901,0	-1.38778e-17,-0.0169567,0	0.0025	99	104
5,9: -0.0549107,-0.0761302,0	-1.38778e-17,-0.0729969,0	0.0025	119	124
9: 168, 174, 181, 

5,10: -0.0549107,-0.0761302,0	-1.38778e-17,-0.0792636,0	0.0025	119	125
10: 168, 173, 182, 

5: 196, 200, 205, 206, 

6,6: -0.123351,-0.155014,0	-0.0549107,-0.161536,0	0.0031498	137	141
6: 196, 199, 207, 208, 

6,7: -0.0549107,-0.121392,0	-1.38778e-17,-0.118259,0	0.0025	138	142
7: 197, 202, 209, 

7,9: -0.0549107,-0.190475,0	-1.38778e-17,-0.187342,0	0.0025	159	164
9: 228, 234, 241, 

7,10: -0.0549107,-0.190475,0	-1.38778e-17,-0.193609,0	0.0025	159	165
10: 228, 233, 242, 

7,11: -0.0549107,-0.204533,0	-1.38778e-17,-0.201399,0	0.0025	160	166
11: 229, 236, 243, 

0,10: -0.0549107,0.204533,0	-1.38778e-17,0.201399,0	0.0025	19	25
10: 18, 23, 32, 

0,11: -0.0549107,0.190475,0	-1.38778e-17,0.193609,0	0.0025	20	26
11: 19, 26, 33, 

0,12: -0.0549107,0.190475,0	-1.38778e-17,0.187342,0	0.0025	20	27
12: 19, 25, 34, 

1,10: -0.0549107,0.148492,0	-1.38778e-17,0.145359,0	0.0025	39	45
10: 48, 53, 62, 

1,11: -0.0549107,0.134435,0	-1.38778e-17,0.137568,0	0.0025	40	46
11: 49, 56, 63, 

1,12: -0.0549107,0.134435,0	-1.38778e-17,0.131302,0	0.0025	40	47
12: 49, 55, 64, 

8: 77, 81, 90, 

2,9: -0.0549107,0.0901876,0	-1.38778e-17,0.093321,0	0.0025	59	64
9: 78, 84, 91, 

2,10: -0.0549107,0.0901876,0	-1.38778e-17,0.0870542,0	0.0025	59	65
10: 78, 83, 92, 

3,8: -0.0549107,0.0471905,0	-1.38778e-17,0.0440572,0	0.0025	78	83
8: 107, 111, 120, 

3,9: -0.0549107,0.0341474,0	-1.38778e-17,0.0372808,0	0.0025	79	84
9: 108, 114, 121, 

3,10: -0.0549107,0.0341474,0	-1.38778e-17,0.0310141,0	0.0025	79	85
10: 108, 113, 122, 

9: 138, 144, 151, 

4,10: -0.0549107,-0.0200901,0	-1.38778e-17,-0.0232234,0	0.0025	99	105
10: 138, 143, 152, 

4,11: -0.0549107,-0.0341474,0	-1.38778e-17,-0.0310141,0	0.0025	100	106
11: 139, 146, 153, 

5,11: -0.0549107,-0.0901876,0	-1.38778e-17,-0.0870542,0	0.0025	120	126
11: 169, 176, 183, 

5,12: -0.0549107,-0.0901876,0	-1.38778e-17,-0.093321,0	0.0025	120	127
12: 169, 175, 184, 

5,13: -0.0549107,-0.103231,0	-1.38778e-17,-0.100097,0	0.0025	121	128
13: 170, 178, 185, 

6,8: -0.0549107,-0.121392,0	-1.38778e-17,-0.124525,0	0.0025	138	143
8: 197, 201, 210, 

6,9: -0.0549107,-0.134435,0	-1.38778e-17,-0.131302,0	0.0025	139	144
9: 198, 204, 211, 

6,10: -0.0549107,-0.134435,0	-1.38778e-17,-0.137568,0	0.0025	139	145
10: 198, 203, 212, 

7,12: -0.0549107,-0.204533,0	-1.38778e-17,-0.207666,0	0.0025	160	167
12: 229, 235, 244, 

7,13: -0.0549107,-0.217576,0	-1.38778e-17,-0.214442,0	0.0025	161	168
13: 230, 238, 245, 

7,14: -0.0549107,-0.217576,0	-1.38778e-17,-0.220709,0	0.0025	161	169
14: 230, 237, 246, 


Veins
0,13: -0.0549107,0.177432,0	-1.38778e-17,0.180566,0	0.0025	21	28
13: 20, 28, 35, 

0,14: -0.0549107,0.177432,0	-1.38778e-17,0.174299,0	0.0025	21	29
14: 20, 27, 36, 


Veins
0,15: 1.38778e-17,0.220709,0	0.0549107,0.217576,0	0.0025	22	30
1,13: -0.0549107,0.121392,0	-1.38778e-17,0.124525,0	0.0025	41	48
13: 50, 58, 65, 

1,14: -0.0549107,0.121392,0	-1.38778e-17,0.118259,0	0.0025	41	49
14: 50, 57, 66, 


Veins
2,11: -0.0549107,0.0761302,0	-1.38778e-17,0.0792636,0	0.0025	60	66
11: 79, 86, 93, 

2,12: -0.0549107,0.0761302,0	-1.38778e-17,0.0729969,0	0.0025	60	67
12: 79, 85, 94, 

2,13: -0.0549107,0.0630871,0	-1.38778e-17,0.0662205,0	0.0025	61	68
13: 80, 88, 95, 

3,11: -0.0549107,0.0200901,0	-1.38778e-17,0.0232234,0	0.0025	80	86
11: 109, 116, 123, 

3,12: -0.0549107,0.0200901,0	-1.38778e-17,0.0169567,0	0.0025	80	87
12: 109, 115, 124, 

4,12: -0.0549107,-0.0341474,0	-1.38778e-17,-0.0372808,0	0.0025	100	107
12: 139, 145, 154, 

4,13: -0.0549107,-0.0471905,0	-1.38778e-17,-0.0440572,0	0.0025	101	108
13: 140, 148, 155, 

4,14: -0.0549107,-0.0471905,0	-1.38778e-17,-0.0503239,0	0.0025	101	109
14: 140, 147, 156, 


Veins
5,14: -0.0549107,-0.103231,0	-1.38778e-17,-0.106364,0	0.0025	121	129
14: 170, 177, 186, 


Veins
5,15: 1.38778e-17,-0.0599538,0	0.0549107,-0.0630871,0	0.0025	122	130
63: 187, 180, 171, 

6,11: -0.0549107,-0.148492,0	-1.38778e-17,-0.145359,0	0.0025	140	146
11: 199, 206, 213, 

6,12: -0.0549107,-0.148492,0	-1.38778e-17,-0.151626,0	0.0025	140	147
12: 199, 205, 214, 

7,15: 1.38778e-17,-0.174299,0	0.0549107,-0.177432,0	0.0025	162	170
63: 247, 240, 231, 

7,16: 1.38778e-17,-0.180566,0	0.0549107,-0.177432,0	0.0025	163	170
64: 247, 239, 232, 

63: 37, 30, 21, 

0,16: 1.38778e-17,0.214442,0	0.0549107,0.217576,0	0.0025	23	30
64: 37, 29, 22, 

0,17: 1.38778e-17,0.207666,0	0.0549107,0.204533,0	0.0025	24	31
65: 38, 32, 23, 

1,15: 1.38778e-17,0.164669,0	0.0549107,0.161536,0	0.0025	42	50
63: 67, 60, 51, 

1,16: 1.38778e-17,0.158402,0	0.0549107,0.161536,0	0.0025	43	50
64: 67, 59, 52, 

1,17: 1.38778e-17,0.151626,0	0.0549107,0.148492,0	0.0025	44	51
2,14: -0.0549107,0.0630871,0	-1.38778e-17,0.0599538,0	0.0025	61	69
14: 80, 87, 96, 


Veins
2,15: 1.38778e-17,0.106364,0	0.0549107,0.103231,0	0.0025	62	70
63: 97, 90, 81, 

3,13: -0.0549107,0.00704696,0	-1.38778e-17,0.0101803,0	0.0025	81	88
13: 110, 118, 125, 

3,14: -0.0549107,0.00704696,0	-1.38778e-17,0.0039136,0	0.0025	81	89
14: 110, 117, 126, 


Veins
3,15: 1.38778e-17,0.0503239,0	0.0549107,0.0471905,0	0.0025	82	90
63: 127, 120, 111, 

4,15: 1.38778e-17,-0.0039136,0	0.0549107,-0.00704696,0	0.0025	102	110
63: 157, 150, 141, 

4,16: 1.38778e-17,-0.0101803,0	0.0549107,-0.00704696,0	0.0025	103	110
64: 157, 149, 142, 

4,17: 1.38778e-17,-0.0169567,0	0.0549107,-0.0200901,0	0.0025	104	111
5,16: 1.38778e-17,-0.0662205,0	0.0549107,-0.0630871,0	0.0025	123	130
64: 187, 179, 172, 

5,17: 1.38778e-17,-0.0729969,0	0.0549107,-0.0761302,0	0.0025	124	131
65: 188, 182, 173, 

5,18: 1.38778e-17,-0.0792636,0	0.0549107,-0.0761302,0	0.0025	125	131
66: 188, 181, 174, 

5,19: 1.38778e-17,-0.0870542,0	0.0549107,-0.0901876,0	0.0025	126	132
6,13: -0.0549107,-0.161536,0	-1.38778e-17,-0.158402,0	0.0025	141	148
13: 200, 208, 215, 

6,14: -0.0549107,-0.161536,0	-1.38778e-17,-0.164669,0	0.0025	141	149
14: 200, 207, 216, 


Veins
6,15: 1.38778e-17,-0.118259,0	0.0549107,-0.121392,0	0.0025	142	150
63: 217, 210, 201, 

6,16: 1.38778e-17,-0.124525,0	0.0549107,-0.121392,0	0.0025	143	150
7,17: 1.38778e-17,-0.187342,0	0.0549107,-0.190475,0	0.0025	164	171
65: 248, 242, 233, 

7,18: 1.38778e-17,-0.193609,0	0.0549107,-0.190475,0	0.0025	165	171
66: 248, 241, 234, 

7,19: 1.38778e-17,-0.201399,0	0.0549107,-0.204533,0	0.0025	166	172
67: 249, 244, 235, 

7,20: 1.38778e-17,-0.207666,0	0.0549107,-0.204533,0	0.0025	167	172
68: 249, 243, 236, 

0,18: 1.38778e-17,0.201399,0	0.0549107,0.204533,0	0.0025	25	31
66: 38, 31, 24, 

0,19: 1.38778e-17,0.193609,0	0.0549107,0.190475,0	0.0025	26	32
67: 39, 34, 25, 

0,20: 1.38778e-17,0.187342,0	0.0549107,0.190475,0	0.0025	27	32
68: 39, 33, 26, 

0,21: 1.38778e-17,0.180566,0	0.0549107,0.177432,0	0.0025	28	33
69: 40, 36, 27, 

65: 68, 62, 53, 

1,18: 1.38778e-17,0.145359,0	0.0549107,0.148492,0	0.0025	45	51
66: 68, 61, 54, 

1,19: 1.38778e-17,0.137568,0	0.0549107,0.134435,0	0.0025	46	52
67: 69, 64, 55, 

1,20: 1.38778e-17,0.131302,0	0.0549107,0.134435,0	0.0025	47	52
68: 69, 63, 56, 

1,21: 1.38778e-17,0.124525,0	0.0549107,0.121392,0	0.0025	48	53
69: 70, 66, 57, 

2,16: 1.38778e-17,0.100097,0	0.0549107,0.103231,0	0.0025	63	70
64: 97, 89, 82, 

2,17: 1.38778e-17,0.093321,0	0.0549107,0.0901876,0	0.0025	64	71
65: 98, 92, 83, 

2,18: 1.38778e-17,0.0870542,0	0.0549107,0.0901876,0	0.0025	65	71
66: 98, 91, 84, 

2,19: 1.38778e-17,0.0792636,0	0.0549107,0.0761302,0	0.0025	66	72
67: 99, 94, 85, 

2,20: 1.38778e-17,0.0729969,0	0.0549107,0.0761302,0	0.0025	67	72
3,16: 1.38778e-17,0.0440572,0	0.0549107,0.0471905,0	0.0025	83	90
64: 127, 119, 112, 

3,17: 1.38778e-17,0.0372808,0	0.0549107,0.0341474,0	0.0025	84	91
65: 128, 122, 113, 

3,18: 1.38778e-17,0.0310141,0	0.0549107,0.0341474,0	0.0025	85	91
66: 128, 121, 114, 

3,19: 1.38778e-17,0.0232234,0	0.0549107,0.0200901,0	0.0025	86	92
67: 129, 124, 115, 

65: 158, 152, 143, 

4,18: 1.38778e-17,-0.0232234,0	0.0549107,-0.0200901,0	0.0025	105	111
66: 158, 151, 144, 

4,19: 1.38778e-17,-0.0310141,0	0.0549107,-0.0341474,0	0.0025	106	112
67: 159, 154, 145, 

4,20: 1.38778e-17,-0.0372808,0	0.0549107,-0.0341474,0	0.0025	107	112
68: 159, 153, 146, 

4,21: 1.38778e-17,-0.0440572,0	0.0549107,-0.0471905,0	0.0025	108	113
69: 160, 156, 147, 

67: 189, 184, 175, 

5,20: 1.38778e-17,-0.093321,0	0.0549107,-0.0901876,0	0.0025	127	132
68: 189, 183, 176, 

5,21: 1.38778e-17,-0.100097,0	0.0549107,-0.103231,0	0.0025	128	133
69: 190, 186, 177, 

5,22: 1.38778e-17,-0.106364,0	0.0549107,-0.103231,0	0.0025	129	133
70: 190, 185, 178, 

5,23: 0.0549107,-0.0630871,0	0.123351,-0.0696087,0	0.0031498	130	134
71: 191, 188, 179, 180, 

64: 217, 209, 202, 

6,17: 1.38778e-17,-0.131302,0	0.0549107,-0.134435,0	0.0025	144	151
65: 218, 212, 203, 

6,18: 1.38778e-17,-0.137568,0	0.0549107,-0.134435,0	0.0025	145	151
66: 218, 211, 204, 

6,19: 1.38778e-17,-0.145359,0	0.0549107,-0.148492,0	0.0025	146	152
67: 219, 214, 205, 

6,20: 1.38778e-17,-0.151626,0	0.0549107,-0.148492,0	0.0025	147	152
68: 219, 213, 206, 

7,21: 1.38778e-17,-0.214442,0	0.0549107,-0.217576,0	0.0025	168	173
69: 250, 246, 237, 

7,22: 1.38778e-17,-0.220709,0	0.0549107,-0.217576,0	0.0025	169	173
70: 250, 245, 238, 

7,23: 0.0549107,-0.177432,0	0.123351,-0.183954,0	0.0031498	170	174
71: 251, 248, 239, 240, 

7,24: 0.0549107,-0.190475,0	0.123351,-0.183954,0	0.0031498	171	174
72: 251, 247, 241, 242, 

7,25: 0.0549107,-0.204533,0	0.123351,-0.211054,0	0.0031498	172	175
73: 252, 250, 243, 244, 

0,22: 1.38778e-17,0.174299,0	0.0549107,0.177432,0	0.0025	29	33
70: 40, 35, 28, 

0,23: 0.0549107,0.217576,0	0.123351,0.211054,0	0.0031498	30	34
71: 41, 38, 29, 30, 

0,24: 0.0549107,0.204533,0	0.123351,0.211054,0	0.0031498	31	34
72: 41, 37, 31, 32, 

0,25: 0.0549107,0.190475,0	0.123351,0.183954,0	0.0031498	32	35
73: 42, 40, 33, 34, 

0,26: 0.0549107,0.177432,0	0.123351,0.183954,0	0.0031498	33	35
1,22: 1.38778e-17,0.118259,0	0.0549107,0.121392,0	0.0025	49	53
70: 70, 65, 58, 

1,23: 0.0549107,0.161536,0	0.123351,0.155014,0	0.0031498	50	54
71: 71, 68, 59, 60, 

1,24: 0.0549107,0.148492,0	0.123351,0.155014,0	0.0031498	51	54
72: 71, 67, 61, 62, 

1,25: 0.0549107,0.134435,0	0.123351,0.127914,0	0.0031498	52	55
73: 72, 70, 63, 64, 

1,26: 0.0549107,0.121392,0	0.123351,0.127914,0	0.0031498	53	55
68: 99, 93, 86, 

2,21: 1.38778e-17,0.0662205,0	0.0549107,0.0630871,0	0.0025	68	73
69: 100, 96, 87, 

2,22: 1.38778e-17,0.0599538,0	0.0549107,0.0630871,0	0.0025	69	73
70: 100, 95, 88, 

2,23: 0.0549107,0.103231,0	0.123351,0.0967092,0	0.0031498	70	74
71: 101, 98, 89, 90, 

2,24: 0.0549107,0.0901876,0	0.123351,0.0967092,0	0.0031498	71	74
72: 101, 97, 91, 92, 

2,25: 0.0549107,0.0761302,0	0.123351,0.0696087,0	0.0031498	72	75
3,20: 1.38778e-17,0.0169567,0	0.0549107,0.0200901,0	0.0025	87	92
68: 129, 123, 116, 

3,21: 1.38778e-17,0.0101803,0	0.0549107,0.00704696,0	0.0025	88	93
69: 130, 126, 117, 

3,22: 1.38778e-17,0.0039136,0	0.0549107,0.00704696,0	0.0025	89	93
70: 130, 125, 118, 

3,23: 0.0549107,0.0471905,0	0.123351,0.040669,0	0.0031498	90	94
71: 131, 128, 119, 120, 

3,24: 0.0549107,0.0341474,0	0.123351,0.040669,0	0.0031498	91	94
72: 131, 127, 121, 122, 

4,22: 1.38778e-17,-0.0503239,0	0.0549107,-0.0471905,0	0.0025	109	113
70: 160, 155, 148, 

4,23: 0.0549107,-0.00704696,0	0.123351,-0.0135685,0	0.0031498	110	114
71: 161, 158, 149, 150, 

4,24: 0.0549107,-0.0200901,0	0.123351,-0.0135685,0	0.0031498	111	114
72: 161, 157, 151, 152, 

4,25: 0.0549107,-0.0341474,0	0.123351,-0.040669,0	0.0031498	112	115
73: 162, 160, 153, 154, 

4,26: 0.0549107,-0.0471905,0	0.123351,-0.040669,0	0.0031498	113	115
74: 162, 159, 155, 156, 
5,24: 0.0549107,-0.0761302,0	0.123351,-0.0696087,0	0.0031498	131	134
72: 191, 187, 181, 182, 

5,25: 0.0549107,-0.0901876,0	0.123351,-0.0967092,0	0.0031498	132	135
73: 192, 190, 183, 184, 

5,26: 0.0549107,-0.103231,0	0.123351,-0.0967092,0	0.0031498	133	135
74: 192, 189, 185, 186, 

5,27: 0.123351,-0.0696087,0	0.208213,-0.0831589,0	0.0039685	134	181
75: 193, 192, 187, 188, 

5,28: 0.123351,-0.0967092,0	0.208213,-0.0831589,0	0.0039685	135	181
6,21: 1.38778e-17,-0.158402,0	0.0549107,-0.161536,0	0.0025	148	153
69: 220, 216, 207, 

6,22: 1.38778e-17,-0.164669,0	0.0549107,-0.161536,0	0.0025	149	153
70: 220, 215, 208, 

6,23: 0.0549107,-0.121392,0	0.123351,-0.127914,0	0.0031498	150	154
71: 221, 218, 209, 210, 

6,24: 0.0549107,-0.134435,0	0.123351,-0.127914,0	0.0031498	151	154
72: 221, 217, 211, 212, 

6,25: 0.0549107,-0.148492,0	0.123351,-0.155014,0	0.0031498	152	155
73: 222, 220, 213, 214, 
7,26: 0.0549107,-0.217576,0	0.123351,-0.211054,0	0.0031498	173	175
74: 252, 249, 245, 246, 

7,27: 0.123351,-0.183954,0	0.208213,-0.197504,0	0.0039685	174	183
75: 253, 252, 247, 248, 

7,28: 0.123351,-0.211054,0	0.208213,-0.197504,0	0.0039685	175	183
76: 253, 251, 249, 250, 

7,29: 0.208213,-0.197504,0	0.311916,-0.169484,0	0.005	183	187
77: 10, 223, 251, 252, 

74: 42, 39, 35, 36, 

0,27: 0.123351,0.211054,0	0.208213,0.197504,0	0.0039685	34	176
75: 43, 42, 37, 38, 

0,28: 0.123351,0.183954,0	0.208213,0.197504,0	0.0039685	35	176
76: 43, 41, 39, 40, 

0,29: 0.208213,0.197504,0	0.311916,0.169484,0	0.005	176	184
77: 7, 73, 41, 42, 

Time Excluding MPI Initialization and Finalize: 1.73304
74: 72, 69, 65, 66, 

1,27: 0.123351,0.155014,0	0.208213,0.141464,0	0.0039685	54	177
75: 73, 72, 67, 68, 

1,28: 0.123351,0.127914,0	0.208213,0.141464,0	0.0039685	55	177
76: 73, 71, 69, 70, 

1,29: 0.208213,0.141464,0	0.311916,0.169484,0	0.005	177	184
77: 7, 43, 71, 72, 

73: 102, 100, 93, 94, 

2,26: 0.0549107,0.0630871,0	0.123351,0.0696087,0	0.0031498	73	75
74: 102, 99, 95, 96, 

2,27: 0.123351,0.0967092,0	0.208213,0.0831589,0	0.0039685	74	178
75: 103, 102, 97, 98, 

2,28: 0.123351,0.0696087,0	0.208213,0.0831589,0	0.0039685	75	178
76: 103, 101, 99, 100, 

3,25: 0.0549107,0.0200901,0	0.123351,0.0135685,0	0.0031498	92	95
73: 132, 130, 123, 124, 

3,26: 0.0549107,0.00704696,0	0.123351,0.0135685,0	0.0031498	93	95
74: 132, 129, 125, 126, 

3,27: 0.123351,0.040669,0	0.208213,0.0271188,0	0.0039685	94	179
75: 133, 132, 127, 128, 

3,28: 0.123351,0.0135685,0	0.208213,0.0271188,0	0.0039685	95	179

4,27: 0.123351,-0.0135685,0	0.208213,-0.0271188,0	0.0039685	114	180
75: 163, 162, 157, 158, 

4,28: 0.123351,-0.040669,0	0.208213,-0.0271188,0	0.0039685	115	180
76: 163, 161, 159, 160, 

4,29: 0.208213,-0.0271188,0	0.311916,-0.0551388,0	0.005	180	186
77: 9, 193, 161, 162, 

76: 193, 191, 189, 190, 

5,29: 0.208213,-0.0831589,0	0.311916,-0.0551388,0	0.005	181	186
77: 9, 163, 191, 192, 


6,26: 0.0549107,-0.161536,0	0.123351,-0.155014,0	0.0031498	153	155
74: 222, 219, 215, 216, 

6,27: 0.123351,-0.127914,0	0.208213,-0.141464,0	0.0039685	154	182
75: 223, 222, 217, 218, 

6,28: 0.123351,-0.155014,0	0.208213,-0.141464,0	0.0039685	155	182
76: 223, 221, 219, 220, 

2,29: 0.208213,0.0831589,0	0.311916,0.0551388,0	0.005	178	185
77: 8, 133, 101, 102, 

76: 133, 131, 129, 130, 

3,29: 0.208213,0.0271188,0	0.311916,0.0551388,0	0.005	179	185
77: 8, 103, 131, 132, 

6,29: 0.208213,-0.141464,0	0.311916,-0.169484,0	0.005	182	187
77: 10, 253, 221, 222, 

Total Time: 2.05463
