running SimpleVesselGenerator on 1 ranks for 4 generations and 2 dimensions
srun -p medusa -n 1 --mpi=pmi2 /home/sshirzad/src/VascularModeling/Radiation_Modeling_Projects/build/Output/SimpleVesselGenerator 4 2 /work/sshirzad/repos/VascularModelingData/results/geometry_1_4_2
Total Vessels in Network: 30
Vessels in Arrays: 15
-0.286589,0.286589,-0.101122,0.101122,-0.005,0.005
Export time: 0.115931
Network Vessels
Arteries
0,a,0: -0.286589,0,0	-0.179167,0,0	0.005	0	1
0: 1, 2, 

0,a,1: -0.179167,0,0	-0.115303,0.0575034,0	0.0039685	1	2
1: 0, 2, 3, 4, 

0,a,2: -0.179167,0,0	-0.115303,-0.0575034,0	0.0039685	1	3
2: 0, 1, 5, 6, 

0,a,3: -0.115303,0.0575034,0	-0.053096,0.0867757,0	0.0031498	2	4
3: 1, 4, 7, 8, 

0,a,4: -0.115303,0.0575034,0	-0.053096,0.0282311,0	0.0031498	2	5
4: 1, 3, 9, 10, 

0,a,5: -0.115303,-0.0575034,0	-0.053096,-0.0282311,0	0.0031498	3	6
5: 2, 6, 11, 12, 

0,a,6: -0.115303,-0.0575034,0	-0.053096,-0.0867757,0	0.0031498	3	7
6: 2, 5, 13, 14, 

0,a,7: -0.053096,0.0867757,0	6.93889e-18,0.101122,0	0.0025	4	8
7: 3, 8, 15, 

0,a,8: -0.053096,0.0867757,0	6.93889e-18,0.0724295,0	0.0025	4	9
8: 3, 7, 16, 

0,a,9: -0.053096,0.0282311,0	6.93889e-18,0.0425774,0	0.0025	5	10
9: 4, 10, 17, 

0,a,10: -0.053096,0.0282311,0	6.93889e-18,0.0138848,0	0.0025	5	11
10: 4, 9, 18, 

0,a,11: -0.053096,-0.0282311,0	6.93889e-18,-0.0138848,0	0.0025	6	12
11: 5, 12, 19, 

0,a,12: -0.053096,-0.0282311,0	6.93889e-18,-0.0425774,0	0.0025	6	13
12: 5, 11, 20, 

0,a,13: -0.053096,-0.0867757,0	6.93889e-18,-0.0724295,0	0.0025	7	14
13: 6, 14, 21, 

0,a,14: -0.053096,-0.0867757,0	6.93889e-18,-0.101122,0	0.0025	7	15
14: 6, 13, 22, 


Veins
0,v,0: -6.93889e-18,0.101122,0	0.053096,0.0867757,0	0.0025	8	16
15: 23, 16, 7, 

0,v,1: -6.93889e-18,0.0724295,0	0.053096,0.0867757,0	0.0025	9	16
16: 23, 15, 8, 

0,v,2: -6.93889e-18,0.0425774,0	0.053096,0.0282311,0	0.0025	10	17
17: 24, 18, 9, 

0,v,3: -6.93889e-18,0.0138848,0	0.053096,0.0282311,0	0.0025	11	17
18: 24, 17, 10, 

0,v,4: -6.93889e-18,-0.0138848,0	0.053096,-0.0282311,0	0.0025	12	18
19: 25, 20, 11, 

0,v,5: -6.93889e-18,-0.0425774,0	0.053096,-0.0282311,0	0.0025	13	18
20: 25, 19, 12, 

0,v,6: -6.93889e-18,-0.0724295,0	0.053096,-0.0867757,0	0.0025	14	19
21: 26, 22, 13, 

0,v,7: -6.93889e-18,-0.101122,0	0.053096,-0.0867757,0	0.0025	15	19
22: 26, 21, 14, 

0,v,8: 0.053096,0.0867757,0	0.115303,0.0575034,0	0.0031498	16	20
23: 27, 24, 15, 16, 

0,v,9: 0.053096,0.0282311,0	0.115303,0.0575034,0	0.0031498	17	20
24: 27, 23, 17, 18, 

0,v,10: 0.053096,-0.0282311,0	0.115303,-0.0575034,0	0.0031498	18	21
25: 28, 26, 19, 20, 

0,v,11: 0.053096,-0.0867757,0	0.115303,-0.0575034,0	0.0031498	19	21
26: 28, 25, 21, 22, 

0,v,12: 0.115303,0.0575034,0	0.179167,0,0	0.0039685	20	22
27: 29, 28, 23, 24, 

0,v,13: 0.115303,-0.0575034,0	0.179167,0,0	0.0039685	21	22
28: 29, 27, 25, 26, 

0,v,14: 0.179167,0,0	0.286589,0,0	0.005	22	23
29: 27, 28, 

Time Excluding MPI Initialization and Finalize: 0.118414
Total Time: 0.303624
