running SimpleVesselGenerator on 8 ranks for 8 generations and 2 dimensions
srun -p medusa -n 8 --mpi=pmi2 /home/sshirzad/src/VascularModeling/Radiation_Modeling_Projects/build/Output/SimpleVesselGenerator 8 2 /work/sshirzad/repos/VascularModelingData/results/geometry_8_8_2
Calculated Root Levels: 4
Total Vessels in Network: 30
Vessels in Arrays: 15
Root Network Build Time: 0.000395573
Root Network Export time: 0.104367
Sub Network build time time: 0.835877
Write Geom Data to File 
Geom Vector conversion time 0.125954
Write Geom Data time: 0.956019
Create num Connected Vessels 
time: 3.34799e-06
Create Connected Vessels Array
time: 4.24497e-06
Write Connected Vessels data
time: 0.00109318
Sub Network Export time: 0.957899
Sub Network Vessels:
arteries
Sub Network Vessels:
Sub Network Vessels:
arteries
arteries
Sub Network Vessels:
arteries
Sub Network Vessels:
arteries
Sub Network Vessels:
arteries
0,0: -0.444863,0.211855,0	-0.315234,0.24688,0	0.00629961	4	8
0: 3, 76, 15, 16, 

0,1: -0.315234,0.24688,0	-0.209156,0.263818,0	0.005	8	16
Sub Network Vessels:
arteries
3,0: -0.444863,0.0689235,0	-0.315234,0.0338984,0	0.00629961	5	11
0: 4, 138, 201, 202, 

4,0: -0.444863,-0.0689235,0	-0.315234,-0.0338984,0	0.00629961	6	12
0: 5, 324, 263, 264, 

4,1: -0.315234,-0.0338984,0	-0.209156,-0.0169606,0	0.005	12	192
5,0: -0.444863,-0.0689235,0	-0.315234,-0.103949,0	0.00629961	6	13
0: 5, 262, 325, 326, 

5,1: -0.315234,-0.103949,0	-0.209156,-0.0870109,0	0.005	13	236
6,0: -0.444863,-0.211855,0	-0.315234,-0.17683,0	0.00629961	7	14
0: 6, 448, 387, 388, 

6,1: -0.315234,-0.17683,0	-0.209156,-0.159892,0	0.005	14	280
1: 386, 388, 389, 390, 

7,0: -0.444863,-0.211855,0	-0.315234,-0.24688,0	0.00629961	7	15
0: 6, 386, 449, 450, 

7,1: -0.315234,-0.24688,0	-0.209156,-0.229942,0	0.005	15	324
1: 448, 450, 451, 452, 

1: 14, 16, 17, 18, 

0,2: -0.315234,0.24688,0	-0.209156,0.229942,0	0.005	8	17
2: 14, 15, 19, 20, 

0,3: -0.209156,0.263818,0	-0.123606,0.27197,0	0.0039685	16	18
1,0: -0.444863,0.211855,0	-0.315234,0.17683,0	0.00629961	4	9
0: 3, 14, 77, 78, 

1,1: -0.315234,0.17683,0	-0.209156,0.193768,0	0.005	9	60
1: 76, 78, 79, 80, 

Sub Network Vessels:
arteries
3,1: -0.315234,0.0338984,0	-0.209156,0.0508362,0	0.005	11	148
1: 200, 202, 203, 204, 

3,2: -0.315234,0.0338984,0	-0.209156,0.0169606,0	0.005	11	149
2: 200, 201, 205, 206, 

3,3: -0.209156,0.0508362,0	-0.123606,0.0589882,0	0.0039685	148	150
1: 262, 264, 265, 266, 

4,2: -0.315234,-0.0338984,0	-0.209156,-0.0508362,0	0.005	12	193
2: 262, 263, 267, 268, 

4,3: -0.209156,-0.0169606,0	-0.123606,-0.00880871,0	0.0039685	192	194
3: 263, 266, 269, 270, 

1: 324, 326, 327, 328, 

5,2: -0.315234,-0.103949,0	-0.209156,-0.120886,0	0.005	13	237
2: 324, 325, 329, 330, 

5,3: -0.209156,-0.0870109,0	-0.123606,-0.0788589,0	0.0039685	236	238
6,2: -0.315234,-0.17683,0	-0.209156,-0.193768,0	0.005	14	281
2: 386, 387, 391, 392, 

6,3: -0.209156,-0.159892,0	-0.123606,-0.15174,0	0.0039685	280	282
3: 387, 390, 393, 394, 

7,2: -0.315234,-0.24688,0	-0.209156,-0.263818,0	0.005	15	325
2: 448, 449, 453, 454, 

7,3: -0.209156,-0.229942,0	-0.123606,-0.22179,0	0.0039685	324	326
3: 449, 452, 455, 456, 

3: 15, 18, 21, 22, 

0,4: -0.209156,0.263818,0	-0.123606,0.255666,0	0.0039685	16	19
4: 15, 17, 23, 24, 

0,5: -0.209156,0.229942,0	-0.123606,0.238094,0	0.0039685	17	20
5: 16, 20, 25, 26, 

1,2: -0.315234,0.17683,0	-0.209156,0.159892,0	0.005	9	61
2: 76, 77, 81, 82, 

1,3: -0.209156,0.193768,0	-0.123606,0.201919,0	0.0039685	60	62
3: 77, 80, 83, 84, 

1,4: -0.209156,0.193768,0	-0.123606,0.185616,0	0.0039685	60	63
2,0: -0.444863,0.0689235,0	-0.315234,0.103949,0	0.00629961	5	10
0: 4, 200, 139, 140, 

2,1: -0.315234,0.103949,0	-0.209156,0.120886,0	0.005	10	104
1: 138, 140, 141, 142, 

3: 201, 204, 207, 208, 

3,4: -0.209156,0.0508362,0	-0.123606,0.0426843,0	0.0039685	148	151
4: 201, 203, 209, 210, 

3,5: -0.209156,0.0169606,0	-0.123606,0.0251126,0	0.0039685	149	152
4,4: -0.209156,-0.0169606,0	-0.123606,-0.0251126,0	0.0039685	192	195
4: 263, 265, 271, 272, 

4,5: -0.209156,-0.0508362,0	-0.123606,-0.0426843,0	0.0039685	193	196
5: 264, 268, 273, 274, 

3: 325, 328, 331, 332, 

5,4: -0.209156,-0.0870109,0	-0.123606,-0.0951628,0	0.0039685	236	239
4: 325, 327, 333, 334, 

5,5: -0.209156,-0.120886,0	-0.123606,-0.112735,0	0.0039685	237	240
5: 326, 330, 335, 336, 

6,4: -0.209156,-0.159892,0	-0.123606,-0.168044,0	0.0039685	280	283
4: 387, 389, 395, 396, 

6,5: -0.209156,-0.193768,0	-0.123606,-0.185616,0	0.0039685	281	284
5: 388, 392, 397, 398, 

7,4: -0.209156,-0.229942,0	-0.123606,-0.238094,0	0.0039685	324	327
4: 449, 451, 457, 458, 

7,5: -0.209156,-0.263818,0	-0.123606,-0.255666,0	0.0039685	325	328
5: 450, 454, 459, 460, 

7,6: -0.209156,-0.263818,0	-0.123606,-0.27197,0	0.0039685	325	329
0,6: -0.209156,0.229942,0	-0.123606,0.22179,0	0.0039685	17	21
6: 16, 19, 27, 28, 

0,7: -0.123606,0.27197,0	-0.0549678,0.275886,0	0.0031498	18	22
7: 17, 22, 29, 30, 

4: 77, 79, 85, 86, 

1,5: -0.209156,0.159892,0	-0.123606,0.168044,0	0.0039685	61	64
5: 78, 82, 87, 88, 

1,6: -0.209156,0.159892,0	-0.123606,0.15174,0	0.0039685	61	65
6: 78, 81, 89, 90, 
2,2: -0.315234,0.103949,0	-0.209156,0.0870109,0	0.005	10	105
2: 138, 139, 143, 144, 

2,3: -0.209156,0.120886,0	-0.123606,0.129038,0	0.0039685	104	106
3: 139, 142, 145, 146, 

5: 202, 206, 211, 212, 

3,6: -0.209156,0.0169606,0	-0.123606,0.00880871,0	0.0039685	149	153
6: 202, 205, 213, 214, 

3,7: -0.123606,0.0589882,0	-0.0549678,0.0629049,0	0.0031498	150	154
4,6: -0.209156,-0.0508362,0	-0.123606,-0.0589882,0	0.0039685	193	197
6: 264, 267, 275, 276, 

4,7: -0.123606,-0.00880871,0	-0.0549678,-0.00489201,0	0.0031498	194	198
7: 265, 270, 277, 278, 

5,6: -0.209156,-0.120886,0	-0.123606,-0.129038,0	0.0039685	237	241
6: 326, 329, 337, 338, 

5,7: -0.123606,-0.0788589,0	-0.0549678,-0.0749422,0	0.0031498	238	242
7: 327, 332, 339, 340, 

6,6: -0.209156,-0.193768,0	-0.123606,-0.201919,0	0.0039685	281	285
6: 388, 391, 399, 400, 

6,7: -0.123606,-0.15174,0	-0.0549678,-0.147823,0	0.0031498	282	286
7: 389, 394, 401, 402, 

6: 450, 453, 461, 462, 

7,7: -0.123606,-0.22179,0	-0.0549678,-0.217873,0	0.0031498	326	330
7: 451, 456, 463, 464, 

0,8: -0.123606,0.27197,0	-0.0549678,0.268053,0	0.0031498	18	23
8: 17, 21, 31, 32, 

0,9: -0.123606,0.255666,0	-0.0549678,0.259582,0	0.0031498	19	24
9: 18, 24, 33, 34, 


1,7: -0.123606,0.201919,0	-0.0549678,0.205836,0	0.0031498	62	66
7: 79, 84, 91, 92, 

1,8: -0.123606,0.201919,0	-0.0549678,0.198003,0	0.0031498	62	67
8: 79, 83, 93, 94, 

2,4: -0.209156,0.120886,0	-0.123606,0.112735,0	0.0039685	104	107
4: 139, 141, 147, 148, 

2,5: -0.209156,0.0870109,0	-0.123606,0.0951628,0	0.0039685	105	108
5: 140, 144, 149, 150, 

7: 203, 208, 215, 216, 

3,8: -0.123606,0.0589882,0	-0.0549678,0.0550715,0	0.0031498	150	155
8: 203, 207, 217, 218, 

3,9: -0.123606,0.0426843,0	-0.0549678,0.046601,0	0.0031498	151	156
4,8: -0.123606,-0.00880871,0	-0.0549678,-0.0127254,0	0.0031498	194	199
8: 265, 269, 279, 280, 

4,9: -0.123606,-0.0251126,0	-0.0549678,-0.0211959,0	0.0031498	195	200
9: 266, 272, 281, 282, 

5,8: -0.123606,-0.0788589,0	-0.0549678,-0.0827756,0	0.0031498	238	243
8: 327, 331, 341, 342, 

5,9: -0.123606,-0.0951628,0	-0.0549678,-0.0912461,0	0.0031498	239	244
9: 328, 334, 343, 344, 

6,8: -0.123606,-0.15174,0	-0.0549678,-0.155657,0	0.0031498	282	287
8: 389, 393, 403, 404, 

6,9: -0.123606,-0.168044,0	-0.0549678,-0.164127,0	0.0031498	283	288
9: 390, 396, 405, 406, 

7,8: -0.123606,-0.22179,0	-0.0549678,-0.225707,0	0.0031498	326	331
8: 451, 455, 465, 466, 

7,9: -0.123606,-0.238094,0	-0.0549678,-0.234177,0	0.0031498	327	332
9: 452, 458, 467, 468, 

0,10: -0.123606,0.255666,0	-0.0549678,0.251749,0	0.0031498	19	25
10: 18, 23, 35, 36, 

0,11: -0.123606,0.238094,0	-0.0549678,0.242011,0	0.0031498	20	26
11: 19, 26, 37, 38, 

1,9: -0.123606,0.185616,0	-0.0549678,0.189532,0	0.0031498	63	68
9: 80, 86, 95, 96, 

1,10: -0.123606,0.185616,0	-0.0549678,0.181699,0	0.0031498	63	69
10: 80, 85, 97, 98, 

1,11: -0.123606,0.168044,0	-0.0549678,0.171961,0	0.0031498	64	70
2,6: -0.209156,0.0870109,0	-0.123606,0.0788589,0	0.0039685	105	109
6: 140, 143, 151, 152, 

2,7: -0.123606,0.129038,0	-0.0549678,0.132955,0	0.0031498	106	110
7: 141, 146, 153, 154, 

9: 204, 210, 219, 220, 

3,10: -0.123606,0.0426843,0	-0.0549678,0.0387676,0	0.0031498	151	157
10: 204, 209, 221, 222, 

3,11: -0.123606,0.0251126,0	-0.0549678,0.0290293,0	0.0031498	152	158
11: 205, 212, 223, 224, 

4,10: -0.123606,-0.0251126,0	-0.0549678,-0.0290293,0	0.0031498	195	201
10: 266, 271, 283, 284, 

4,11: -0.123606,-0.0426843,0	-0.0549678,-0.0387676,0	0.0031498	196	202
11: 267, 274, 285, 286, 

5,10: -0.123606,-0.0951628,0	-0.0549678,-0.0990795,0	0.0031498	239	245
10: 328, 333, 345, 346, 

5,11: -0.123606,-0.112735,0	-0.0549678,-0.108818,0	0.0031498	240	246
11: 329, 336, 347, 348, 

6,10: -0.123606,-0.168044,0	-0.0549678,-0.171961,0	0.0031498	283	289
10: 390, 395, 407, 408, 

6,11: -0.123606,-0.185616,0	-0.0549678,-0.181699,0	0.0031498	284	290
11: 391, 398, 409, 410, 

7,10: -0.123606,-0.238094,0	-0.0549678,-0.242011,0	0.0031498	327	333
10: 452, 457, 469, 470, 

7,11: -0.123606,-0.255666,0	-0.0549678,-0.251749,0	0.0031498	328	334
11: 453, 460, 471, 472, 

7,12: -0.123606,-0.255666,0	-0.0549678,-0.259582,0	0.0031498	328	335
0,12: -0.123606,0.238094,0	-0.0549678,0.234177,0	0.0031498	20	27
12: 19, 25, 39, 40, 

0,13: -0.123606,0.22179,0	-0.0549678,0.225707,0	0.0031498	21	28
13: 20, 28, 41, 42, 

11: 81, 88, 99, 100, 

1,12: -0.123606,0.168044,0	-0.0549678,0.164127,0	0.0031498	64	71
12: 81, 87, 101, 102, 

1,13: -0.123606,0.15174,0	-0.0549678,0.155657,0	0.0031498	65	72
2,8: -0.123606,0.129038,0	-0.0549678,0.125122,0	0.0031498	106	111
8: 141, 145, 155, 156, 

2,9: -0.123606,0.112735,0	-0.0549678,0.116651,0	0.0031498	107	112
9: 142, 148, 157, 158, 

2,10: -0.123606,0.112735,0	-0.0549678,0.108818,0	0.0031498	107	113
3,12: -0.123606,0.0251126,0	-0.0549678,0.0211959,0	0.0031498	152	159
12: 205, 211, 225, 226, 

3,13: -0.123606,0.00880871,0	-0.0549678,0.0127254,0	0.0031498	153	160
13: 206, 214, 227, 228, 

4,12: -0.123606,-0.0426843,0	-0.0549678,-0.046601,0	0.0031498	196	203
12: 267, 273, 287, 288, 

4,13: -0.123606,-0.0589882,0	-0.0549678,-0.0550715,0	0.0031498	197	204
13: 268, 276, 289, 290, 

5,12: -0.123606,-0.112735,0	-0.0549678,-0.116651,0	0.0031498	240	247
12: 329, 335, 349, 350, 

5,13: -0.123606,-0.129038,0	-0.0549678,-0.125122,0	0.0031498	241	248
13: 330, 338, 351, 352, 

6,12: -0.123606,-0.185616,0	-0.0549678,-0.189532,0	0.0031498	284	291
12: 391, 397, 411, 412, 

6,13: -0.123606,-0.201919,0	-0.0549678,-0.198003,0	0.0031498	285	292
13: 392, 400, 413, 414, 

6,14: -0.123606,-0.201919,0	-0.0549678,-0.205836,0	0.0031498	285	293
12: 453, 459, 473, 474, 

7,13: -0.123606,-0.27197,0	-0.0549678,-0.268053,0	0.0031498	329	336
13: 454, 462, 475, 476, 

7,14: -0.123606,-0.27197,0	-0.0549678,-0.275886,0	0.0031498	329	337
14: 454, 461, 477, 478, 

0,14: -0.123606,0.22179,0	-0.0549678,0.217873,0	0.0031498	21	29
14: 20, 27, 43, 44, 

0,15: -0.0549678,0.275886,0	-5.55112e-17,0.277767,0	0.0025	22	30
15: 21, 30, 45, 

13: 82, 90, 103, 104, 

1,14: -0.123606,0.15174,0	-0.0549678,0.147823,0	0.0031498	65	73
14: 82, 89, 105, 106, 

1,15: -0.0549678,0.205836,0	-5.55112e-17,0.207717,0	0.0025	66	74
15: 83, 92, 107, 

10: 142, 147, 159, 160, 

2,11: -0.123606,0.0951628,0	-0.0549678,0.0990795,0	0.0031498	108	114
11: 143, 150, 161, 162, 

2,12: -0.123606,0.0951628,0	-0.0549678,0.0912461,0	0.0031498	108	115
12: 143, 149, 163, 164, 

3,14: -0.123606,0.00880871,0	-0.0549678,0.00489201,0	0.0031498	153	161
14: 206, 213, 229, 230, 

3,15: -0.0549678,0.0629049,0	-5.55112e-17,0.0647855,0	0.0025	154	162
15: 207, 216, 231, 

4,14: -0.123606,-0.0589882,0	-0.0549678,-0.0629049,0	0.0031498	197	205
14: 268, 275, 291, 292, 

4,15: -0.0549678,-0.00489201,0	-5.55112e-17,-0.00301134,0	0.0025	198	206
15: 269, 278, 293, 

5,14: -0.123606,-0.129038,0	-0.0549678,-0.132955,0	0.0031498	241	249
14: 330, 337, 353, 354, 

5,15: -0.0549678,-0.0749422,0	-5.55112e-17,-0.0730615,0	0.0025	242	250
15: 331, 340, 355, 

14: 392, 399, 415, 416, 

6,15: -0.0549678,-0.147823,0	-5.55112e-17,-0.145943,0	0.0025	286	294
15: 393, 402, 417, 

6,16: -0.0549678,-0.147823,0	-5.55112e-17,-0.149704,0	0.0025	286	295
16: 393, 401, 418, 
7,15: -0.0549678,-0.217873,0	-5.55112e-17,-0.215993,0	0.0025	330	338
15: 455, 464, 479, 

7,16: -0.0549678,-0.217873,0	-5.55112e-17,-0.219754,0	0.0025	330	339
16: 455, 463, 480, 

0,16: -0.0549678,0.275886,0	-5.55112e-17,0.274006,0	0.0025	22	31
16: 21, 29, 46, 

0,17: -0.0549678,0.268053,0	-5.55112e-17,0.269934,0	0.0025	23	32
17: 22, 32, 47, 

0,18: -0.0549678,0.268053,0	-5.55112e-17,0.266172,0	0.0025	23	33
1,16: -0.0549678,0.205836,0	-5.55112e-17,0.203955,0	0.0025	66	75
16: 83, 91, 108, 

1,17: -0.0549678,0.198003,0	-5.55112e-17,0.199883,0	0.0025	67	76
17: 84, 94, 109, 

2,13: -0.123606,0.0788589,0	-0.0549678,0.0827756,0	0.0031498	109	116
13: 144, 152, 165, 166, 

2,14: -0.123606,0.0788589,0	-0.0549678,0.0749422,0	0.0031498	109	117
14: 144, 151, 167, 168, 

3,16: -0.0549678,0.0629049,0	-5.55112e-17,0.0610242,0	0.0025	154	163
16: 207, 215, 232, 

3,17: -0.0549678,0.0550715,0	-5.55112e-17,0.0569521,0	0.0025	155	164
17: 208, 218, 233, 

3,18: -0.0549678,0.0550715,0	-5.55112e-17,0.0531908,0	0.0025	155	165
4,16: -0.0549678,-0.00489201,0	-5.55112e-17,-0.00677267,0	0.0025	198	207
16: 269, 277, 294, 

4,17: -0.0549678,-0.0127254,0	-5.55112e-17,-0.0108447,0	0.0025	199	208
17: 270, 280, 295, 

4,18: -0.0549678,-0.0127254,0	-5.55112e-17,-0.0146061,0	0.0025	199	209
18: 270, 279, 296, 

5,16: -0.0549678,-0.0749422,0	-5.55112e-17,-0.0768229,0	0.0025	242	251
16: 331, 339, 356, 

5,17: -0.0549678,-0.0827756,0	-5.55112e-17,-0.0808949,0	0.0025	243	252
17: 332, 342, 357, 

5,18: -0.0549678,-0.0827756,0	-5.55112e-17,-0.0846563,0	0.0025	243	253
18: 332, 341, 358, 


6,17: -0.0549678,-0.155657,0	-5.55112e-17,-0.153776,0	0.0025	287	296
17: 394, 404, 419, 

6,18: -0.0549678,-0.155657,0	-5.55112e-17,-0.157537,0	0.0025	287	297
18: 394, 403, 420, 

7,17: -0.0549678,-0.225707,0	-5.55112e-17,-0.223826,0	0.0025	331	340
17: 456, 466, 481, 

7,18: -0.0549678,-0.225707,0	-5.55112e-17,-0.227588,0	0.0025	331	341
18: 456, 465, 482, 

18: 22, 31, 48, 

0,19: -0.0549678,0.259582,0	-5.55112e-17,0.261463,0	0.0025	24	34
19: 23, 34, 49, 

0,20: -0.0549678,0.259582,0	-5.55112e-17,0.257702,0	0.0025	24	35
20: 23, 33, 50, 

1,18: -0.0549678,0.198003,0	-5.55112e-17,0.196122,0	0.0025	67	77
18: 84, 93, 110, 

1,19: -0.0549678,0.189532,0	-5.55112e-17,0.191413,0	0.0025	68	78
19: 85, 96, 111, 

1,20: -0.0549678,0.189532,0	-5.55112e-17,0.187652,0	0.0025	68	79
2,15: -0.0549678,0.132955,0	-5.55112e-17,0.134836,0	0.0025	110	118
15: 145, 154, 169, 

2,16: -0.0549678,0.132955,0	-5.55112e-17,0.131074,0	0.0025	110	119
16: 145, 153, 170, 

18: 208, 217, 234, 

3,19: -0.0549678,0.046601,0	-5.55112e-17,0.0484817,0	0.0025	156	166
19: 209, 220, 235, 

3,20: -0.0549678,0.046601,0	-5.55112e-17,0.0447203,0	0.0025	156	167
20: 209, 219, 236, 

4,19: -0.0549678,-0.0211959,0	-5.55112e-17,-0.0193152,0	0.0025	200	210
19: 271, 282, 297, 

4,20: -0.0549678,-0.0211959,0	-5.55112e-17,-0.0230766,0	0.0025	200	211
20: 271, 281, 298, 

5,19: -0.0549678,-0.0912461,0	-5.55112e-17,-0.0893654,0	0.0025	244	254
19: 333, 344, 359, 

5,20: -0.0549678,-0.0912461,0	-5.55112e-17,-0.0931268,0	0.0025	244	255
20: 333, 343, 360, 

6,19: -0.0549678,-0.164127,0	-5.55112e-17,-0.162246,0	0.0025	288	298
19: 395, 406, 421, 

6,20: -0.0549678,-0.164127,0	-5.55112e-17,-0.166008,0	0.0025	288	299
20: 395, 405, 422, 

7,19: -0.0549678,-0.234177,0	-5.55112e-17,-0.232297,0	0.0025	332	342
19: 457, 468, 483, 

7,20: -0.0549678,-0.234177,0	-5.55112e-17,-0.236058,0	0.0025	332	343
20: 457, 467, 484, 

7,21: -0.0549678,-0.242011,0	-5.55112e-17,-0.24013,0	0.0025	333	344
0,21: -0.0549678,0.251749,0	-5.55112e-17,0.25363,0	0.0025	25	36
21: 24, 36, 51, 

0,22: -0.0549678,0.251749,0	-5.55112e-17,0.249868,0	0.0025	25	37
22: 24, 35, 52, 

20: 85, 95, 112, 

1,21: -0.0549678,0.181699,0	-5.55112e-17,0.18358,0	0.0025	69	80
21: 86, 98, 113, 

1,22: -0.0549678,0.181699,0	-5.55112e-17,0.179818,0	0.0025	69	81
22: 86, 97, 114, 

2,17: -0.0549678,0.125122,0	-5.55112e-17,0.127002,0	0.0025	111	120
17: 146, 156, 171, 

2,18: -0.0549678,0.125122,0	-5.55112e-17,0.123241,0	0.0025	111	121
18: 146, 155, 172, 

2,19: -0.0549678,0.116651,0	-5.55112e-17,0.118532,0	0.0025	112	122
3,21: -0.0549678,0.0387676,0	-5.55112e-17,0.0406483,0	0.0025	157	168
21: 210, 222, 237, 

3,22: -0.0549678,0.0387676,0	-5.55112e-17,0.0368869,0	0.0025	157	169
22: 210, 221, 238, 

4,21: -0.0549678,-0.0290293,0	-5.55112e-17,-0.0271486,0	0.0025	201	212
21: 272, 284, 299, 

4,22: -0.0549678,-0.0290293,0	-5.55112e-17,-0.03091,0	0.0025	201	213
22: 272, 283, 300, 

5,21: -0.0549678,-0.0990795,0	-5.55112e-17,-0.0971988,0	0.0025	245	256
21: 334, 346, 361, 

5,22: -0.0549678,-0.0990795,0	-5.55112e-17,-0.10096,0	0.0025	245	257
22: 334, 345, 362, 

6,21: -0.0549678,-0.171961,0	-5.55112e-17,-0.17008,0	0.0025	289	300
21: 396, 408, 423, 

6,22: -0.0549678,-0.171961,0	-5.55112e-17,-0.173841,0	0.0025	289	301
22: 396, 407, 424, 

6,23: -0.0549678,-0.181699,0	-5.55112e-17,-0.179818,0	0.0025	290	302
21: 458, 470, 485, 

7,22: -0.0549678,-0.242011,0	-5.55112e-17,-0.243891,0	0.0025	333	345
22: 458, 469, 486, 

7,23: -0.0549678,-0.251749,0	-5.55112e-17,-0.249868,0	0.0025	334	346
23: 459, 472, 487, 

0,23: -0.0549678,0.242011,0	-5.55112e-17,0.243891,0	0.0025	26	38
23: 25, 38, 53, 

0,24: -0.0549678,0.242011,0	-5.55112e-17,0.24013,0	0.0025	26	39
24: 25, 37, 54, 

1,23: -0.0549678,0.171961,0	-5.55112e-17,0.173841,0	0.0025	70	82
23: 87, 100, 115, 

1,24: -0.0549678,0.171961,0	-5.55112e-17,0.17008,0	0.0025	70	83
24: 87, 99, 116, 

19: 147, 158, 173, 

2,20: -0.0549678,0.116651,0	-5.55112e-17,0.114771,0	0.0025	112	123
20: 147, 157, 174, 

2,21: -0.0549678,0.108818,0	-5.55112e-17,0.110698,0	0.0025	113	124
21: 148, 160, 175, 

3,23: -0.0549678,0.0290293,0	-5.55112e-17,0.03091,0	0.0025	158	170
23: 211, 224, 239, 

3,24: -0.0549678,0.0290293,0	-5.55112e-17,0.0271486,0	0.0025	158	171
24: 211, 223, 240, 

3,25: -0.0549678,0.0211959,0	-5.55112e-17,0.0230766,0	0.0025	159	172
4,23: -0.0549678,-0.0387676,0	-5.55112e-17,-0.0368869,0	0.0025	202	214
23: 273, 286, 301, 

4,24: -0.0549678,-0.0387676,0	-5.55112e-17,-0.0406483,0	0.0025	202	215
24: 273, 285, 302, 

4,25: -0.0549678,-0.046601,0	-5.55112e-17,-0.0447203,0	0.0025	203	216
25: 274, 288, 303, 

5,23: -0.0549678,-0.108818,0	-5.55112e-17,-0.106937,0	0.0025	246	258
23: 335, 348, 363, 

5,24: -0.0549678,-0.108818,0	-5.55112e-17,-0.110698,0	0.0025	246	259
24: 335, 347, 364, 

5,25: -0.0549678,-0.116651,0	-5.55112e-17,-0.114771,0	0.0025	247	260
25: 336, 350, 365, 
23: 397, 410, 425, 

6,24: -0.0549678,-0.181699,0	-5.55112e-17,-0.18358,0	0.0025	290	303
24: 397, 409, 426, 

6,25: -0.0549678,-0.189532,0	-5.55112e-17,-0.187652,0	0.0025	291	304
25: 398, 412, 427, 

7,24: -0.0549678,-0.251749,0	-5.55112e-17,-0.25363,0	0.0025	334	347
24: 459, 471, 488, 

7,25: -0.0549678,-0.259582,0	-5.55112e-17,-0.257702,0	0.0025	335	348
25: 460, 474, 489, 

0,25: -0.0549678,0.234177,0	-5.55112e-17,0.236058,0	0.0025	27	40
25: 26, 40, 55, 

0,26: -0.0549678,0.234177,0	-5.55112e-17,0.232297,0	0.0025	27	41
26: 26, 39, 56, 

0,27: -0.0549678,0.225707,0	-5.55112e-17,0.227588,0	0.0025	28	42
1,25: -0.0549678,0.164127,0	-5.55112e-17,0.166008,0	0.0025	71	84
25: 88, 102, 117, 

1,26: -0.0549678,0.164127,0	-5.55112e-17,0.162246,0	0.0025	71	85
26: 88, 101, 118, 

1,27: -0.0549678,0.155657,0	-5.55112e-17,0.157537,0	0.0025	72	86
27: 89, 104, 119, 

2,22: -0.0549678,0.108818,0	-5.55112e-17,0.106937,0	0.0025	113	125
22: 148, 159, 176, 

2,23: -0.0549678,0.0990795,0	-5.55112e-17,0.10096,0	0.0025	114	126
23: 149, 162, 177, 

25: 212, 226, 241, 

3,26: -0.0549678,0.0211959,0	-5.55112e-17,0.0193152,0	0.0025	159	173
26: 212, 225, 242, 

3,27: -0.0549678,0.0127254,0	-5.55112e-17,0.0146061,0	0.0025	160	174
27: 213, 228, 243, 

4,26: -0.0549678,-0.046601,0	-5.55112e-17,-0.0484817,0	0.0025	203	217
26: 274, 287, 304, 

4,27: -0.0549678,-0.0550715,0	-5.55112e-17,-0.0531908,0	0.0025	204	218
27: 275, 290, 305, 


5,26: -0.0549678,-0.116651,0	-5.55112e-17,-0.118532,0	0.0025	247	261
26: 336, 349, 366, 

5,27: -0.0549678,-0.125122,0	-5.55112e-17,-0.123241,0	0.0025	248	262
27: 337, 352, 367, 

6,26: -0.0549678,-0.189532,0	-5.55112e-17,-0.191413,0	0.0025	291	305
26: 398, 411, 428, 

6,27: -0.0549678,-0.198003,0	-5.55112e-17,-0.196122,0	0.0025	292	306
27: 399, 414, 429, 

7,26: -0.0549678,-0.259582,0	-5.55112e-17,-0.261463,0	0.0025	335	349
26: 460, 473, 490, 

7,27: -0.0549678,-0.268053,0	-5.55112e-17,-0.266172,0	0.0025	336	350
27: 461, 476, 491, 

7,28: -0.0549678,-0.268053,0	-5.55112e-17,-0.269934,0	0.0025	336	351
27: 27, 42, 57, 

0,28: -0.0549678,0.225707,0	-5.55112e-17,0.223826,0	0.0025	28	43
28: 27, 41, 58, 

0,29: -0.0549678,0.217873,0	-5.55112e-17,0.219754,0	0.0025	29	44
29: 28, 44, 59, 

1,28: -0.0549678,0.155657,0	-5.55112e-17,0.153776,0	0.0025	72	87
28: 89, 103, 120, 

1,29: -0.0549678,0.147823,0	-5.55112e-17,0.149704,0	0.0025	73	88
29: 90, 106, 121, 

2,24: -0.0549678,0.0990795,0	-5.55112e-17,0.0971988,0	0.0025	114	127
24: 149, 161, 178, 

2,25: -0.0549678,0.0912461,0	-5.55112e-17,0.0931268,0	0.0025	115	128
25: 150, 164, 179, 

2,26: -0.0549678,0.0912461,0	-5.55112e-17,0.0893654,0	0.0025	115	129
26: 150, 163, 180, 

3,28: -0.0549678,0.0127254,0	-5.55112e-17,0.0108447,0	0.0025	160	175
28: 213, 227, 244, 

3,29: -0.0549678,0.00489201,0	-5.55112e-17,0.00677267,0	0.0025	161	176
29: 214, 230, 245, 

4,28: -0.0549678,-0.0550715,0	-5.55112e-17,-0.0569521,0	0.0025	204	219
28: 275, 289, 306, 

4,29: -0.0549678,-0.0629049,0	-5.55112e-17,-0.0610242,0	0.0025	205	220
29: 276, 292, 307, 

4,30: -0.0549678,-0.0629049,0	-5.55112e-17,-0.0647855,0	0.0025	205	221
5,28: -0.0549678,-0.125122,0	-5.55112e-17,-0.127002,0	0.0025	248	263
28: 337, 351, 368, 

5,29: -0.0549678,-0.132955,0	-5.55112e-17,-0.131074,0	0.0025	249	264
29: 338, 354, 369, 

5,30: -0.0549678,-0.132955,0	-5.55112e-17,-0.134836,0	0.0025	249	265
6,28: -0.0549678,-0.198003,0	-5.55112e-17,-0.199883,0	0.0025	292	307
28: 399, 413, 430, 

6,29: -0.0549678,-0.205836,0	-5.55112e-17,-0.203955,0	0.0025	293	308
29: 400, 416, 431, 

6,30: -0.0549678,-0.205836,0	-5.55112e-17,-0.207717,0	0.0025	293	309
30: 400, 415, 432, 


Veins
28: 461, 475, 492, 

7,29: -0.0549678,-0.275886,0	-5.55112e-17,-0.274006,0	0.0025	337	352
29: 462, 478, 493, 

7,30: -0.0549678,-0.275886,0	-5.55112e-17,-0.277767,0	0.0025	337	353
30: 462, 477, 494, 


Veins
0,30: -0.0549678,0.217873,0	-5.55112e-17,0.215993,0	0.0025	29	45
30: 28, 43, 60, 


Veins
0,31: 5.55112e-17,0.277767,0	0.0549678,0.275886,0	0.0025	30	46
127: 61, 46, 29, 

1,30: -0.0549678,0.147823,0	-5.55112e-17,0.145943,0	0.0025	73	89
30: 90, 105, 122, 


Veins
1,31: 5.55112e-17,0.207717,0	0.0549678,0.205836,0	0.0025	74	90
127: 123, 108, 91, 

1,32: 5.55112e-17,0.203955,0	0.0549678,0.205836,0	0.0025	75	90
2,27: -0.0549678,0.0827756,0	-5.55112e-17,0.0846563,0	0.0025	116	130
27: 151, 166, 181, 

2,28: -0.0549678,0.0827756,0	-5.55112e-17,0.0808949,0	0.0025	116	131
28: 151, 165, 182, 

2,29: -0.0549678,0.0749422,0	-5.55112e-17,0.0768229,0	0.0025	117	132
29: 152, 168, 183, 

3,30: -0.0549678,0.00489201,0	-5.55112e-17,0.00301134,0	0.0025	161	177
30: 214, 229, 246, 


Veins
3,31: 5.55112e-17,0.0647855,0	0.0549678,0.0629049,0	0.0025	162	178
127: 247, 232, 215, 

3,32: 5.55112e-17,0.0610242,0	0.0549678,0.0629049,0	0.0025	163	178
128: 247, 231, 216, 

30: 276, 291, 308, 


Veins
4,31: 5.55112e-17,-0.00301134,0	0.0549678,-0.00489201,0	0.0025	206	222
127: 309, 294, 277, 

4,32: 5.55112e-17,-0.00677267,0	0.0549678,-0.00489201,0	0.0025	207	222
128: 309, 293, 278, 

4,33: 5.55112e-17,-0.0108447,0	0.0549678,-0.0127254,0	0.0025	208	223
129: 310, 296, 279, 

30: 338, 353, 370, 


Veins
5,31: 5.55112e-17,-0.0730615,0	0.0549678,-0.0749422,0	0.0025	250	266
127: 371, 356, 339, 

5,32: 5.55112e-17,-0.0768229,0	0.0549678,-0.0749422,0	0.0025	251	266
128: 371, 355, 340, 

5,33: 5.55112e-17,-0.0808949,0	0.0549678,-0.0827756,0	0.0025	252	267
129: 372, 358, 341, 

6,31: 5.55112e-17,-0.145943,0	0.0549678,-0.147823,0	0.0025	294	310
127: 433, 418, 401, 

6,32: 5.55112e-17,-0.149704,0	0.0549678,-0.147823,0	0.0025	295	310
128: 433, 417, 402, 

6,33: 5.55112e-17,-0.153776,0	0.0549678,-0.155657,0	0.0025	296	311
129: 434, 420, 403, 

6,34: 5.55112e-17,-0.157537,0	0.0549678,-0.155657,0	0.0025	297	311
7,31: 5.55112e-17,-0.215993,0	0.0549678,-0.217873,0	0.0025	338	354
127: 495, 480, 463, 

7,32: 5.55112e-17,-0.219754,0	0.0549678,-0.217873,0	0.0025	339	354
128: 495, 479, 464, 

7,33: 5.55112e-17,-0.223826,0	0.0549678,-0.225707,0	0.0025	340	355
129: 496, 482, 465, 

7,34: 5.55112e-17,-0.227588,0	0.0549678,-0.225707,0	0.0025	341	355
130: 496, 481, 466, 

0,32: 5.55112e-17,0.274006,0	0.0549678,0.275886,0	0.0025	31	46
128: 61, 45, 30, 

0,33: 5.55112e-17,0.269934,0	0.0549678,0.268053,0	0.0025	32	47
129: 62, 48, 31, 

0,34: 5.55112e-17,0.266172,0	0.0549678,0.268053,0	0.0025	33	47
130: 62, 47, 32, 

0,35: 5.55112e-17,0.261463,0	0.0549678,0.259582,0	0.0025	34	48
131: 63, 50, 33, 

0,36: 5.55112e-17,0.257702,0	0.0549678,0.259582,0	0.0025	35	48
132: 63, 49, 34, 

128: 123, 107, 92, 

1,33: 5.55112e-17,0.199883,0	0.0549678,0.198003,0	0.0025	76	91
129: 124, 110, 93, 

1,34: 5.55112e-17,0.196122,0	0.0549678,0.198003,0	0.0025	77	91
130: 124, 109, 94, 

1,35: 5.55112e-17,0.191413,0	0.0549678,0.189532,0	0.0025	78	92
131: 125, 112, 95, 

1,36: 5.55112e-17,0.187652,0	0.0549678,0.189532,0	0.0025	79	92
132: 125, 111, 96, 

1,37: 5.55112e-17,0.18358,0	0.0549678,0.181699,0	0.0025	80	93
133: 126, 114, 97, 

2,30: -0.0549678,0.0749422,0	-5.55112e-17,0.0730615,0	0.0025	117	133
30: 152, 167, 184, 


Veins
2,31: 5.55112e-17,0.134836,0	0.0549678,0.132955,0	0.0025	118	134
127: 185, 170, 153, 

2,32: 5.55112e-17,0.131074,0	0.0549678,0.132955,0	0.0025	119	134
128: 185, 169, 154, 

2,33: 5.55112e-17,0.127002,0	0.0549678,0.125122,0	0.0025	120	135
129: 186, 172, 155, 

2,34: 5.55112e-17,0.123241,0	0.0549678,0.125122,0	0.0025	121	135
3,33: 5.55112e-17,0.0569521,0	0.0549678,0.0550715,0	0.0025	164	179
129: 248, 234, 217, 

3,34: 5.55112e-17,0.0531908,0	0.0549678,0.0550715,0	0.0025	165	179
130: 248, 233, 218, 

3,35: 5.55112e-17,0.0484817,0	0.0549678,0.046601,0	0.0025	166	180
131: 249, 236, 219, 

3,36: 5.55112e-17,0.0447203,0	0.0549678,0.046601,0	0.0025	167	180
132: 249, 235, 220, 

3,37: 5.55112e-17,0.0406483,0	0.0549678,0.0387676,0	0.0025	168	181
133: 250, 238, 221, 

4,34: 5.55112e-17,-0.0146061,0	0.0549678,-0.0127254,0	0.0025	209	223
130: 310, 295, 280, 

4,35: 5.55112e-17,-0.0193152,0	0.0549678,-0.0211959,0	0.0025	210	224
131: 311, 298, 281, 

4,36: 5.55112e-17,-0.0230766,0	0.0549678,-0.0211959,0	0.0025	211	224
132: 311, 297, 282, 

4,37: 5.55112e-17,-0.0271486,0	0.0549678,-0.0290293,0	0.0025	212	225
133: 312, 300, 283, 

4,38: 5.55112e-17,-0.03091,0	0.0549678,-0.0290293,0	0.0025	213	225
5,34: 5.55112e-17,-0.0846563,0	0.0549678,-0.0827756,0	0.0025	253	267
130: 372, 357, 342, 

5,35: 5.55112e-17,-0.0893654,0	0.0549678,-0.0912461,0	0.0025	254	268
131: 373, 360, 343, 

5,36: 5.55112e-17,-0.0931268,0	0.0549678,-0.0912461,0	0.0025	255	268
132: 373, 359, 344, 

5,37: 5.55112e-17,-0.0971988,0	0.0549678,-0.0990795,0	0.0025	256	269
133: 374, 362, 345, 

5,38: 5.55112e-17,-0.10096,0	0.0549678,-0.0990795,0	0.0025	257	269
134: 374, 361, 346, 

130: 434, 419, 404, 

6,35: 5.55112e-17,-0.162246,0	0.0549678,-0.164127,0	0.0025	298	312
131: 435, 422, 405, 

6,36: 5.55112e-17,-0.166008,0	0.0549678,-0.164127,0	0.0025	299	312
132: 435, 421, 406, 

6,37: 5.55112e-17,-0.17008,0	0.0549678,-0.171961,0	0.0025	300	313
133: 436, 424, 407, 

6,38: 5.55112e-17,-0.173841,0	0.0549678,-0.171961,0	0.0025	301	313
134: 436, 423, 408, 

6,39: 5.55112e-17,-0.179818,0	0.0549678,-0.181699,0	0.0025	302	314
7,35: 5.55112e-17,-0.232297,0	0.0549678,-0.234177,0	0.0025	342	356
131: 497, 484, 467, 

7,36: 5.55112e-17,-0.236058,0	0.0549678,-0.234177,0	0.0025	343	356
132: 497, 483, 468, 

7,37: 5.55112e-17,-0.24013,0	0.0549678,-0.242011,0	0.0025	344	357
133: 498, 486, 469, 

7,38: 5.55112e-17,-0.243891,0	0.0549678,-0.242011,0	0.0025	345	357
134: 498, 485, 470, 

7,39: 5.55112e-17,-0.249868,0	0.0549678,-0.251749,0	0.0025	346	358
135: 499, 488, 471, 

0,37: 5.55112e-17,0.25363,0	0.0549678,0.251749,0	0.0025	36	49
133: 64, 52, 35, 

0,38: 5.55112e-17,0.249868,0	0.0549678,0.251749,0	0.0025	37	49
134: 64, 51, 36, 

0,39: 5.55112e-17,0.243891,0	0.0549678,0.242011,0	0.0025	38	50
135: 65, 54, 37, 

0,40: 5.55112e-17,0.24013,0	0.0549678,0.242011,0	0.0025	39	50
136: 65, 53, 38, 

0,41: 5.55112e-17,0.236058,0	0.0549678,0.234177,0	0.0025	40	51
1,38: 5.55112e-17,0.179818,0	0.0549678,0.181699,0	0.0025	81	93
134: 126, 113, 98, 

1,39: 5.55112e-17,0.173841,0	0.0549678,0.171961,0	0.0025	82	94
135: 127, 116, 99, 

1,40: 5.55112e-17,0.17008,0	0.0549678,0.171961,0	0.0025	83	94
136: 127, 115, 100, 

1,41: 5.55112e-17,0.166008,0	0.0549678,0.164127,0	0.0025	84	95
137: 128, 118, 101, 

1,42: 5.55112e-17,0.162246,0	0.0549678,0.164127,0	0.0025	85	95
130: 186, 171, 156, 

2,35: 5.55112e-17,0.118532,0	0.0549678,0.116651,0	0.0025	122	136
131: 187, 174, 157, 

2,36: 5.55112e-17,0.114771,0	0.0549678,0.116651,0	0.0025	123	136
132: 187, 173, 158, 

2,37: 5.55112e-17,0.110698,0	0.0549678,0.108818,0	0.0025	124	137
133: 188, 176, 159, 

2,38: 5.55112e-17,0.106937,0	0.0549678,0.108818,0	0.0025	125	137
134: 188, 175, 160, 

3,38: 5.55112e-17,0.0368869,0	0.0549678,0.0387676,0	0.0025	169	181
134: 250, 237, 222, 

3,39: 5.55112e-17,0.03091,0	0.0549678,0.0290293,0	0.0025	170	182
135: 251, 240, 223, 

3,40: 5.55112e-17,0.0271486,0	0.0549678,0.0290293,0	0.0025	171	182
136: 251, 239, 224, 

3,41: 5.55112e-17,0.0230766,0	0.0549678,0.0211959,0	0.0025	172	183
137: 252, 242, 225, 

3,42: 5.55112e-17,0.0193152,0	0.0549678,0.0211959,0	0.0025	173	183
134: 312, 299, 284, 

4,39: 5.55112e-17,-0.0368869,0	0.0549678,-0.0387676,0	0.0025	214	226
135: 313, 302, 285, 

4,40: 5.55112e-17,-0.0406483,0	0.0549678,-0.0387676,0	0.0025	215	226
136: 313, 301, 286, 

4,41: 5.55112e-17,-0.0447203,0	0.0549678,-0.046601,0	0.0025	216	227
137: 314, 304, 287, 

4,42: 5.55112e-17,-0.0484817,0	0.0549678,-0.046601,0	0.0025	217	227
138: 314, 303, 288, 

5,39: 5.55112e-17,-0.106937,0	0.0549678,-0.108818,0	0.0025	258	270
135: 375, 364, 347, 

5,40: 5.55112e-17,-0.110698,0	0.0549678,-0.108818,0	0.0025	259	270
136: 375, 363, 348, 

5,41: 5.55112e-17,-0.114771,0	0.0549678,-0.116651,0	0.0025	260	271
137: 376, 366, 349, 

5,42: 5.55112e-17,-0.118532,0	0.0549678,-0.116651,0	0.0025	261	271
138: 376, 365, 350, 

135: 437, 426, 409, 

6,40: 5.55112e-17,-0.18358,0	0.0549678,-0.181699,0	0.0025	303	314
136: 437, 425, 410, 

6,41: 5.55112e-17,-0.187652,0	0.0549678,-0.189532,0	0.0025	304	315
137: 438, 428, 411, 

6,42: 5.55112e-17,-0.191413,0	0.0549678,-0.189532,0	0.0025	305	315
138: 438, 427, 412, 

6,43: 5.55112e-17,-0.196122,0	0.0549678,-0.198003,0	0.0025	306	316
139: 439, 430, 413, 

7,40: 5.55112e-17,-0.25363,0	0.0549678,-0.251749,0	0.0025	347	358
136: 499, 487, 472, 

7,41: 5.55112e-17,-0.257702,0	0.0549678,-0.259582,0	0.0025	348	359
137: 500, 490, 473, 

7,42: 5.55112e-17,-0.261463,0	0.0549678,-0.259582,0	0.0025	349	359
138: 500, 489, 474, 

7,43: 5.55112e-17,-0.266172,0	0.0549678,-0.268053,0	0.0025	350	360
139: 501, 492, 475, 

137: 66, 56, 39, 

0,42: 5.55112e-17,0.232297,0	0.0549678,0.234177,0	0.0025	41	51
138: 66, 55, 40, 

0,43: 5.55112e-17,0.227588,0	0.0549678,0.225707,0	0.0025	42	52
139: 67, 58, 41, 

0,44: 5.55112e-17,0.223826,0	0.0549678,0.225707,0	0.0025	43	52
140: 67, 57, 42, 

0,45: 5.55112e-17,0.219754,0	0.0549678,0.217873,0	0.0025	44	53
141: 68, 60, 43, 

138: 128, 117, 102, 

1,43: 5.55112e-17,0.157537,0	0.0549678,0.155657,0	0.0025	86	96
139: 129, 120, 103, 

1,44: 5.55112e-17,0.153776,0	0.0549678,0.155657,0	0.0025	87	96
140: 129, 119, 104, 

1,45: 5.55112e-17,0.149704,0	0.0549678,0.147823,0	0.0025	88	97
141: 130, 122, 105, 

1,46: 5.55112e-17,0.145943,0	0.0549678,0.147823,0	0.0025	89	97
142: 130, 121, 106, 

2,39: 5.55112e-17,0.10096,0	0.0549678,0.0990795,0	0.0025	126	138
135: 189, 178, 161, 

2,40: 5.55112e-17,0.0971988,0	0.0549678,0.0990795,0	0.0025	127	138
136: 189, 177, 162, 

2,41: 5.55112e-17,0.0931268,0	0.0549678,0.0912461,0	0.0025	128	139
137: 190, 180, 163, 

2,42: 5.55112e-17,0.0893654,0	0.0549678,0.0912461,0	0.0025	129	139
138: 190, 179, 164, 

2,43: 5.55112e-17,0.0846563,0	0.0549678,0.0827756,0	0.0025	130	140
139: 191, 182, 165, 

138: 252, 241, 226, 

3,43: 5.55112e-17,0.0146061,0	0.0549678,0.0127254,0	0.0025	174	184
139: 253, 244, 227, 

3,44: 5.55112e-17,0.0108447,0	0.0549678,0.0127254,0	0.0025	175	184
140: 253, 243, 228, 

3,45: 5.55112e-17,0.00677267,0	0.0549678,0.00489201,0	0.0025	176	185
141: 254, 246, 229, 

3,46: 5.55112e-17,0.00301134,0	0.0549678,0.00489201,0	0.0025	177	185
142: 254, 245, 230, 

3,47: 0.0549678,0.0629049,0	0.123606,0.0589882,0	0.0031498	178	186
4,43: 5.55112e-17,-0.0531908,0	0.0549678,-0.0550715,0	0.0025	218	228
139: 315, 306, 289, 

4,44: 5.55112e-17,-0.0569521,0	0.0549678,-0.0550715,0	0.0025	219	228
140: 315, 305, 290, 

4,45: 5.55112e-17,-0.0610242,0	0.0549678,-0.0629049,0	0.0025	220	229
141: 316, 308, 291, 

4,46: 5.55112e-17,-0.0647855,0	0.0549678,-0.0629049,0	0.0025	221	229
142: 316, 307, 292, 

4,47: 0.0549678,-0.00489201,0	0.123606,-0.00880871,0	0.0031498	222	230
143: 317, 310, 293, 294, 

5,43: 5.55112e-17,-0.123241,0	0.0549678,-0.125122,0	0.0025	262	272
139: 377, 368, 351, 

5,44: 5.55112e-17,-0.127002,0	0.0549678,-0.125122,0	0.0025	263	272
140: 377, 367, 352, 

5,45: 5.55112e-17,-0.131074,0	0.0549678,-0.132955,0	0.0025	264	273
141: 378, 370, 353, 

5,46: 5.55112e-17,-0.134836,0	0.0549678,-0.132955,0	0.0025	265	273
142: 378, 369, 354, 

5,47: 0.0549678,-0.0749422,0	0.123606,-0.0788589,0	0.0031498	266	274
143: 379, 372, 355, 356, 

5,48: 0.0549678,-0.0827756,0	0.123606,-0.0788589,0	0.0031498	267	274
6,44: 5.55112e-17,-0.199883,0	0.0549678,-0.198003,0	0.0025	307	316
140: 439, 429, 414, 

6,45: 5.55112e-17,-0.203955,0	0.0549678,-0.205836,0	0.0025	308	317
141: 440, 432, 415, 

6,46: 5.55112e-17,-0.207717,0	0.0549678,-0.205836,0	0.0025	309	317
142: 440, 431, 416, 

6,47: 0.0549678,-0.147823,0	0.123606,-0.15174,0	0.0031498	310	318
143: 441, 434, 417, 418, 

6,48: 0.0549678,-0.155657,0	0.123606,-0.15174,0	0.0031498	311	318
7,44: 5.55112e-17,-0.269934,0	0.0549678,-0.268053,0	0.0025	351	360
140: 501, 491, 476, 

7,45: 5.55112e-17,-0.274006,0	0.0549678,-0.275886,0	0.0025	352	361
141: 502, 494, 477, 

7,46: 5.55112e-17,-0.277767,0	0.0549678,-0.275886,0	0.0025	353	361
142: 502, 493, 478, 

7,47: 0.0549678,-0.217873,0	0.123606,-0.22179,0	0.0031498	354	362
143: 503, 496, 479, 480, 

7,48: 0.0549678,-0.225707,0	0.123606,-0.22179,0	0.0031498	355	362
144: 503, 495, 481, 482, 

0,46: 5.55112e-17,0.215993,0	0.0549678,0.217873,0	0.0025	45	53
142: 68, 59, 44, 

0,47: 0.0549678,0.275886,0	0.123606,0.27197,0	0.0031498	46	54
143: 69, 62, 45, 46, 

0,48: 0.0549678,0.268053,0	0.123606,0.27197,0	0.0031498	47	54
144: 69, 61, 47, 48, 

0,49: 0.0549678,0.259582,0	0.123606,0.255666,0	0.0031498	48	55
145: 70, 64, 49, 50, 

0,50: 0.0549678,0.251749,0	0.123606,0.255666,0	0.0031498	49	55
1,47: 0.0549678,0.205836,0	0.123606,0.201919,0	0.0031498	90	98
143: 131, 124, 107, 108, 

1,48: 0.0549678,0.198003,0	0.123606,0.201919,0	0.0031498	91	98
144: 131, 123, 109, 110, 

1,49: 0.0549678,0.189532,0	0.123606,0.185616,0	0.0031498	92	99
145: 132, 126, 111, 112, 

1,50: 0.0549678,0.181699,0	0.123606,0.185616,0	0.0031498	93	99
146: 132, 125, 113, 114, 

1,51: 0.0549678,0.171961,0	0.123606,0.168044,0	0.0031498	94	100
147: 133, 128, 115, 116, 

2,44: 5.55112e-17,0.0808949,0	0.0549678,0.0827756,0	0.0025	131	140
140: 191, 181, 166, 

2,45: 5.55112e-17,0.0768229,0	0.0549678,0.0749422,0	0.0025	132	141
141: 192, 184, 167, 

2,46: 5.55112e-17,0.0730615,0	0.0549678,0.0749422,0	0.0025	133	141
142: 192, 183, 168, 

2,47: 0.0549678,0.132955,0	0.123606,0.129038,0	0.0031498	134	142
143: 193, 186, 169, 170, 

143: 255, 248, 231, 232, 

3,48: 0.0549678,0.0550715,0	0.123606,0.0589882,0	0.0031498	179	186
144: 255, 247, 233, 234, 

3,49: 0.0549678,0.046601,0	0.123606,0.0426843,0	0.0031498	180	187
145: 256, 250, 235, 236, 

3,50: 0.0549678,0.0387676,0	0.123606,0.0426843,0	0.0031498	181	187
146: 256, 249, 237, 238, 

4,48: 0.0549678,-0.0127254,0	0.123606,-0.00880871,0	0.0031498	223	230
144: 317, 309, 295, 296, 

4,49: 0.0549678,-0.0211959,0	0.123606,-0.0251126,0	0.0031498	224	231
145: 318, 312, 297, 298, 

4,50: 0.0549678,-0.0290293,0	0.123606,-0.0251126,0	0.0031498	225	231
146: 318, 311, 299, 300, 

4,51: 0.0549678,-0.0387676,0	0.123606,-0.0426843,0	0.0031498	226	232
144: 379, 371, 357, 358, 

5,49: 0.0549678,-0.0912461,0	0.123606,-0.0951628,0	0.0031498	268	275
145: 380, 374, 359, 360, 

5,50: 0.0549678,-0.0990795,0	0.123606,-0.0951628,0	0.0031498	269	275
146: 380, 373, 361, 362, 

5,51: 0.0549678,-0.108818,0	0.123606,-0.112735,0	0.0031498	270	276
144: 441, 433, 419, 420, 

6,49: 0.0549678,-0.164127,0	0.123606,-0.168044,0	0.0031498	312	319
145: 442, 436, 421, 422, 

6,50: 0.0549678,-0.171961,0	0.123606,-0.168044,0	0.0031498	313	319
146: 442, 435, 423, 424, 

6,51: 0.0549678,-0.181699,0	0.123606,-0.185616,0	0.0031498	314	320
147: 443, 438, 425, 426, 

7,49: 0.0549678,-0.234177,0	0.123606,-0.238094,0	0.0031498	356	363
145: 504, 498, 483, 484, 

7,50: 0.0549678,-0.242011,0	0.123606,-0.238094,0	0.0031498	357	363
146: 504, 497, 485, 486, 

7,51: 0.0549678,-0.251749,0	0.123606,-0.255666,0	0.0031498	358	364
147: 505, 500, 487, 488, 
146: 70, 63, 51, 52, 

0,51: 0.0549678,0.242011,0	0.123606,0.238094,0	0.0031498	50	56
147: 71, 66, 53, 54, 

0,52: 0.0549678,0.234177,0	0.123606,0.238094,0	0.0031498	51	56
148: 71, 65, 55, 56, 

1,52: 0.0549678,0.164127,0	0.123606,0.168044,0	0.0031498	95	100
148: 133, 127, 117, 118, 

1,53: 0.0549678,0.155657,0	0.123606,0.15174,0	0.0031498	96	101
149: 134, 130, 119, 120, 

1,54: 0.0549678,0.147823,0	0.123606,0.15174,0	0.0031498	97	101
150: 134, 129, 121, 122, 
2,48: 0.0549678,0.125122,0	0.123606,0.129038,0	0.0031498	135	142
144: 193, 185, 171, 172, 

2,49: 0.0549678,0.116651,0	0.123606,0.112735,0	0.0031498	136	143
145: 194, 188, 173, 174, 

2,50: 0.0549678,0.108818,0	0.123606,0.112735,0	0.0031498	137	143
3,51: 0.0549678,0.0290293,0	0.123606,0.0251126,0	0.0031498	182	188
147: 257, 252, 239, 240, 

3,52: 0.0549678,0.0211959,0	0.123606,0.0251126,0	0.0031498	183	188
148: 257, 251, 241, 242, 

3,53: 0.0549678,0.0127254,0	0.123606,0.00880871,0	0.0031498	184	189
149: 258, 254, 243, 244, 

147: 319, 314, 301, 302, 

4,52: 0.0549678,-0.046601,0	0.123606,-0.0426843,0	0.0031498	227	232
148: 319, 313, 303, 304, 

4,53: 0.0549678,-0.0550715,0	0.123606,-0.0589882,0	0.0031498	228	233
149: 320, 316, 305, 306, 

147: 381, 376, 363, 364, 

5,52: 0.0549678,-0.116651,0	0.123606,-0.112735,0	0.0031498	271	276
148: 381, 375, 365, 366, 

5,53: 0.0549678,-0.125122,0	0.123606,-0.129038,0	0.0031498	272	277
149: 382, 378, 367, 368, 

6,52: 0.0549678,-0.189532,0	0.123606,-0.185616,0	0.0031498	315	320
148: 443, 437, 427, 428, 

6,53: 0.0549678,-0.198003,0	0.123606,-0.201919,0	0.0031498	316	321
149: 444, 440, 429, 430, 


7,52: 0.0549678,-0.259582,0	0.123606,-0.255666,0	0.0031498	359	364
148: 505, 499, 489, 490, 

7,53: 0.0549678,-0.268053,0	0.123606,-0.27197,0	0.0031498	360	365
149: 506, 502, 491, 492, 

0,53: 0.0549678,0.225707,0	0.123606,0.22179,0	0.0031498	52	57
149: 72, 68, 57, 58, 

0,54: 0.0549678,0.217873,0	0.123606,0.22179,0	0.0031498	53	57
150: 72, 67, 59, 60, 

0,55: 0.123606,0.27197,0	0.209156,0.263818,0	0.0039685	54	58
151: 73, 70, 61, 62, 


1,55: 0.123606,0.201919,0	0.209156,0.193768,0	0.0039685	98	102
151: 135, 132, 123, 124, 

1,56: 0.123606,0.185616,0	0.209156,0.193768,0	0.0039685	99	102
152: 135, 131, 125, 126, 

146: 194, 187, 175, 176, 

2,51: 0.0549678,0.0990795,0	0.123606,0.0951628,0	0.0031498	138	144
147: 195, 190, 177, 178, 

2,52: 0.0549678,0.0912461,0	0.123606,0.0951628,0	0.0031498	139	144
148: 195, 189, 179, 180, 

3,54: 0.0549678,0.00489201,0	0.123606,0.00880871,0	0.0031498	185	189
150: 258, 253, 245, 246, 

3,55: 0.123606,0.0589882,0	0.209156,0.0508362,0	0.0039685	186	190
151: 259, 256, 247, 248, 

3,56: 0.123606,0.0426843,0	0.209156,0.0508362,0	0.0039685	187	190
4,54: 0.0549678,-0.0629049,0	0.123606,-0.0589882,0	0.0031498	229	233
150: 320, 315, 307, 308, 

4,55: 0.123606,-0.00880871,0	0.209156,-0.0169606,0	0.0039685	230	234
151: 321, 318, 309, 310, 

4,56: 0.123606,-0.0251126,0	0.209156,-0.0169606,0	0.0039685	231	234
5,54: 0.0549678,-0.132955,0	0.123606,-0.129038,0	0.0031498	273	277
150: 382, 377, 369, 370, 

5,55: 0.123606,-0.0788589,0	0.209156,-0.0870109,0	0.0039685	274	278
151: 383, 380, 371, 372, 

5,56: 0.123606,-0.0951628,0	0.209156,-0.0870109,0	0.0039685	275	278
152: 383, 379, 373, 374, 

6,54: 0.0549678,-0.205836,0	0.123606,-0.201919,0	0.0031498	317	321
150: 444, 439, 431, 432, 

6,55: 0.123606,-0.15174,0	0.209156,-0.159892,0	0.0039685	318	322
151: 445, 442, 433, 434, 

6,56: 0.123606,-0.168044,0	0.209156,-0.159892,0	0.0039685	319	322
152: 445, 441, 435, 436, 

7,54: 0.0549678,-0.275886,0	0.123606,-0.27197,0	0.0031498	361	365
150: 506, 501, 493, 494, 

7,55: 0.123606,-0.22179,0	0.209156,-0.229942,0	0.0039685	362	366
151: 507, 504, 495, 496, 

7,56: 0.123606,-0.238094,0	0.209156,-0.229942,0	0.0039685	363	366
152: 507, 503, 497, 498, 

0,56: 0.123606,0.255666,0	0.209156,0.263818,0	0.0039685	55	58
152: 73, 69, 63, 64, 

0,57: 0.123606,0.238094,0	0.209156,0.229942,0	0.0039685	56	59
153: 74, 72, 65, 66, 

0,58: 0.123606,0.22179,0	0.209156,0.229942,0	0.0039685	57	59
1,57: 0.123606,0.168044,0	0.209156,0.159892,0	0.0039685	100	103
153: 136, 134, 127, 128, 

1,58: 0.123606,0.15174,0	0.209156,0.159892,0	0.0039685	101	103
154: 136, 133, 129, 130, 

1,59: 0.209156,0.193768,0	0.315234,0.17683,0	0.005	102	369
155: 137, 136, 131, 132, 

2,53: 0.0549678,0.0827756,0	0.123606,0.0788589,0	0.0031498	140	145
149: 196, 192, 181, 182, 

2,54: 0.0549678,0.0749422,0	0.123606,0.0788589,0	0.0031498	141	145
150: 196, 191, 183, 184, 

2,55: 0.123606,0.129038,0	0.209156,0.120886,0	0.0039685	142	146
151: 197, 194, 185, 186, 

152: 259, 255, 249, 250, 

3,57: 0.123606,0.0251126,0	0.209156,0.0169606,0	0.0039685	188	191
153: 260, 258, 251, 252, 

3,58: 0.123606,0.00880871,0	0.209156,0.0169606,0	0.0039685	189	191
154: 260, 257, 253, 254, 

152: 321, 317, 311, 312, 

4,57: 0.123606,-0.0426843,0	0.209156,-0.0508362,0	0.0039685	232	235
153: 322, 320, 313, 314, 

4,58: 0.123606,-0.0589882,0	0.209156,-0.0508362,0	0.0039685	233	235
154: 322, 319, 315, 316, 

5,57: 0.123606,-0.112735,0	0.209156,-0.120886,0	0.0039685	276	279
153: 384, 382, 375, 376, 

5,58: 0.123606,-0.129038,0	0.209156,-0.120886,0	0.0039685	277	279
154: 384, 381, 377, 378, 

6,57: 0.123606,-0.185616,0	0.209156,-0.193768,0	0.0039685	320	323
153: 446, 444, 437, 438, 

6,58: 0.123606,-0.201919,0	0.209156,-0.193768,0	0.0039685	321	323
154: 446, 443, 439, 440, 

7,57: 0.123606,-0.255666,0	0.209156,-0.263818,0	0.0039685	364	367
153: 508, 506, 499, 500, 

7,58: 0.123606,-0.27197,0	0.209156,-0.263818,0	0.0039685	365	367
154: 508, 505, 501, 502, 

154: 74, 71, 67, 68, 

0,59: 0.209156,0.263818,0	0.315234,0.24688,0	0.005	58	368
155: 75, 74, 69, 70, 

0,60: 0.209156,0.229942,0	0.315234,0.24688,0	0.005	59	368
156: 75, 73, 71, 72, 

1,60: 0.209156,0.159892,0	0.315234,0.17683,0	0.005	103	369
156: 137, 135, 133, 134, 

1,61: 0.315234,0.17683,0	0.444863,0.211855,0	0.00629961	369	376
157: 7, 75, 135, 136, 

2,56: 0.123606,0.112735,0	0.209156,0.120886,0	0.0039685	143	146
152: 197, 193, 187, 188, 

2,57: 0.123606,0.0951628,0	0.209156,0.0870109,0	0.0039685	144	147
153: 198, 196, 189, 190, 

3,59: 0.209156,0.0508362,0	0.315234,0.0338984,0	0.005	190	371
155: 261, 260, 255, 256, 

3,60: 0.209156,0.0169606,0	0.315234,0.0338984,0	0.005	191	371
156: 261, 259, 257, 258, 

3,61: 0.315234,0.0338984,0	0.444863,0.0689235,0	0.00629961	371	377
4,59: 0.209156,-0.0169606,0	0.315234,-0.0338984,0	0.005	234	372
155: 323, 322, 317, 318, 

4,60: 0.209156,-0.0508362,0	0.315234,-0.0338984,0	0.005	235	372
156: 323, 321, 319, 320, 

4,61: 0.315234,-0.0338984,0	0.444863,-0.0689235,0	0.00629961	372	378
5,59: 0.209156,-0.0870109,0	0.315234,-0.103949,0	0.005	278	373
155: 385, 384, 379, 380, 

5,60: 0.209156,-0.120886,0	0.315234,-0.103949,0	0.005	279	373
156: 385, 383, 381, 382, 

5,61: 0.315234,-0.103949,0	0.444863,-0.0689235,0	0.00629961	373	378
157: 9, 323, 383, 384, 

6,59: 0.209156,-0.159892,0	0.315234,-0.17683,0	0.005	322	374
155: 447, 446, 441, 442, 

6,60: 0.209156,-0.193768,0	0.315234,-0.17683,0	0.005	323	374
156: 447, 445, 443, 444, 

6,61: 0.315234,-0.17683,0	0.444863,-0.211855,0	0.00629961	374	379
157: 10, 509, 445, 446, 

7,59: 0.209156,-0.229942,0	0.315234,-0.24688,0	0.005	366	375
155: 509, 508, 503, 504, 

7,60: 0.209156,-0.263818,0	0.315234,-0.24688,0	0.005	367	375
156: 509, 507, 505, 506, 

7,61: 0.315234,-0.24688,0	0.444863,-0.211855,0	0.00629961	375	379
157: 10, 447, 507, 508, 
0,61: 0.315234,0.24688,0	0.444863,0.211855,0	0.00629961	368	376
157: 7, 137, 73, 74, 

Time Excluding MPI Initialization and Finalize: 1.90865
2,58: 0.123606,0.0788589,0	0.209156,0.0870109,0	0.0039685	145	147
154: 198, 195, 191, 192, 

2,59: 0.209156,0.120886,0	0.315234,0.103949,0	0.005	146	370
155: 199, 198, 193, 194, 

157: 8, 199, 259, 260, 

157: 9, 385, 321, 322, 


2,60: 0.209156,0.0870109,0	0.315234,0.103949,0	0.005	147	370
156: 199, 197, 195, 196, 

2,61: 0.315234,0.103949,0	0.444863,0.0689235,0	0.00629961	370	377
157: 8, 261, 197, 198, 

Total Time: 2.24738
