running SimpleVesselGenerator on 16 ranks for 6 generations and 2 dimensions
srun -p medusa -n 16 --mpi=pmi2 /home/sshirzad/src/VascularModeling/Radiation_Modeling_Projects/build/Output/SimpleVesselGenerator 6 2 /work/sshirzad/repos/VascularModelingData/results/geometry_16_6_2
Calculated Root Levels: 5
Total Vessels in Network: 62
Vessels in Arrays: 31
Root Network Build Time: 2.9885e-05
Root Network Vessels
Arteries
Root Network Vessels
Arteries
0: -0.570437,0,0	-0.40259,0,0	0.00793701	0	1
0: 1, 2, 

1: -0.40259,0,0	-0.302803,0.0898491,0	0.00629961	1	2
1: 0, 2, 3, 4, 

2: -0.40259,0,0	-0.302803,-0.0898491,0	0.00629961	1	3
Root Network Vessels
Arteries
0: -0.570437,0,0	-0.40259,0,0	0.00793701	0	1
0: 1, 2, 

1: -0.40259,0,0	-0.302803,0.0898491,0	0.00629961	1	2
1: 0, 2, 3, 4, 

2: -0.40259,0,0	-0.302803,-0.0898491,0	0.00629961	1	3
2: 0, 1, 5, 6, 

Root Network Vessels
Arteries
0: -0.570437,0,0	-0.40259,0,0	0.00793701	0	1
0: 1, 2, 

1: -0.40259,0,0	-0.302803,0.0898491,0	0.00629961	1	2
1: 0, 2, 3, 4, 

2: -0.40259,0,0	-0.302803,-0.0898491,0	0.00629961	1	3
2: 0, 1, 5, 6, 

Root Network Vessels
Arteries
0: -0.570437,0,0	-0.40259,0,0	0.00793701	0	1
0: 1, 2, 

1: -0.40259,0,0	-0.302803,0.0898491,0	0.00629961	1	2
1: 0, 2, 3, 4, 

2: -0.40259,0,0	-0.302803,-0.0898491,0	0.00629961	1	3
2: 0, 1, 5, 6, 

Root Network Vessels
Arteries
0: -0.570437,0,0	-0.40259,0,0	0.00793701	0	1
0: 1, 2, 

1: -0.40259,0,0	-0.302803,0.0898491,0	0.00629961	1	2
1: 0, 2, 3, 4, 

2: -0.40259,0,0	-0.302803,-0.0898491,0	0.00629961	1	3
2: 0, 1, 5, 6, 

3: -0.302803,0.0898491,0	-0.205604,0.135587,0	0.005	2	4
Root Network Vessels
Arteries
0: -0.570437,0,0	-0.40259,0,0	0.00793701	0	1
0: 1, 2, 

1: -0.40259,0,0	-0.302803,0.0898491,0	0.00629961	1	2
1: 0, 2, 3, 4, 

2: -0.40259,0,0	-0.302803,-0.0898491,0	0.00629961	1	3
2: 0, 1, 5, 6, 

3: -0.302803,0.0898491,0	-0.205604,0.135587,0	0.005	2	4
3: 1, 4, 7, 8, 

Root Network Vessels
Arteries
0: -0.570437,0,0	-0.40259,0,0	0.00793701	0	1
0: 1, 2, 

1: -0.40259,0,0	-0.302803,0.0898491,0	0.00629961	1	2
1: 0, 2, 3, 4, 

2: -0.40259,0,0	-0.302803,-0.0898491,0	0.00629961	1	3
2: 0, 1, 5, 6, 

3: -0.302803,0.0898491,0	-0.205604,0.135587,0	0.005	2	4
3: 1, 4, 7, 8, 

4: -0.302803,0.0898491,0	-0.205604,0.0441111,0	0.005	2	5
Root Network Vessels
Arteries
0: -0.570437,0,0	-0.40259,0,0	0.00793701	0	1
0: 1, 2, 

1: -0.40259,0,0	-0.302803,0.0898491,0	0.00629961	1	2
1: 0, 2, 3, 4, 

2: -0.40259,0,0	-0.302803,-0.0898491,0	0.00629961	1	3
2: 0, 1, 5, 6, 

3: -0.302803,0.0898491,0	-0.205604,0.135587,0	0.005	2	4
3: 1, 4, 7, 8, 

4: -0.302803,0.0898491,0	-0.205604,0.0441111,0	0.005	2	5
4: 1, 3, 9, 10, 

Root Network Vessels
Arteries
0: -0.570437,0,0	-0.40259,0,0	0.00793701	0	1
0: 1, 2, 

1: -0.40259,0,0	-0.302803,0.0898491,0	0.00629961	1	2
1: 0, 2, 3, 4, 

2: -0.40259,0,0	-0.302803,-0.0898491,0	0.00629961	1	3
2: 0, 1, 5, 6, 

3: -0.302803,0.0898491,0	-0.205604,0.135587,0	0.005	2	4
3: 1, 4, 7, 8, 

4: -0.302803,0.0898491,0	-0.205604,0.0441111,0	0.005	2	5
4: 1, 3, 9, 10, 

Root Network Vessels
Arteries
0: -0.570437,0,0	-0.40259,0,0	0.00793701	0	1
0: 1, 2, 

1: -0.40259,0,0	-0.302803,0.0898491,0	0.00629961	1	2
1: 0, 2, 3, 4, 

2: -0.40259,0,0	-0.302803,-0.0898491,0	0.00629961	1	3
2: 0, 1, 5, 6, 

3: -0.302803,0.0898491,0	-0.205604,0.135587,0	0.005	2	4
3: 1, 4, 7, 8, 

4: -0.302803,0.0898491,0	-0.205604,0.0441111,0	0.005	2	5
4: 1, 3, 9, 10, 

5: -0.302803,-0.0898491,0	-0.205604,-0.0441111,0	0.005	3	6
Root Network Vessels
Arteries
0: -0.570437,0,0	-0.40259,0,0	0.00793701	0	1
0: 1, 2, 

1: -0.40259,0,0	-0.302803,0.0898491,0	0.00629961	1	2
1: 0, 2, 3, 4, 

2: -0.40259,0,0	-0.302803,-0.0898491,0	0.00629961	1	3
2: 0, 1, 5, 6, 

3: -0.302803,0.0898491,0	-0.205604,0.135587,0	0.005	2	4
3: 1, 4, 7, 8, 

4: -0.302803,0.0898491,0	-0.205604,0.0441111,0	0.005	2	5
4: 1, 3, 9, 10, 

5: -0.302803,-0.0898491,0	-0.205604,-0.0441111,0	0.005	3	6
5: 2, 6, 11, 12, 

Root Network Vessels
Arteries
0: -0.570437,0,0	-0.40259,0,0	0.00793701	0	1
0: 1, 2, 

1: -0.40259,0,0	-0.302803,0.0898491,0	0.00629961	1	2
1: 0, 2, 3, 4, 

2: -0.40259,0,0	-0.302803,-0.0898491,0	0.00629961	1	3
2: 0, 1, 5, 6, 

3: -0.302803,0.0898491,0	-0.205604,0.135587,0	0.005	2	4
3: 1, 4, 7, 8, 

4: -0.302803,0.0898491,0	-0.205604,0.0441111,0	0.005	2	5
4: 1, 3, 9, 10, 

5: -0.302803,-0.0898491,0	-0.205604,-0.0441111,0	0.005	3	6
5: 2, 6, 11, 12, 

6: -0.302803,-0.0898491,0	-0.205604,-0.135587,0	0.005	3	7
6: 2, 5, 13, 14, 

Root Network Vessels
Arteries
0: -0.570437,0,0	-0.40259,0,0	0.00793701	0	1
0: 1, 2, 

1: -0.40259,0,0	-0.302803,0.0898491,0	0.00629961	1	2
1: 0, 2, 3, 4, 

2: -0.40259,0,0	-0.302803,-0.0898491,0	0.00629961	1	3
2: 0, 1, 5, 6, 

3: -0.302803,0.0898491,0	-0.205604,0.135587,0	0.005	2	4
3: 1, 4, 7, 8, 

4: -0.302803,0.0898491,0	-0.205604,0.0441111,0	0.005	2	5
4: 1, 3, 9, 10, 

5: -0.302803,-0.0898491,0	-0.205604,-0.0441111,0	0.005	3	6
5: 2, 6, 11, 12, 

6: -0.302803,-0.0898491,0	-0.205604,-0.135587,0	0.005	3	7
6: 2, 5, 13, 14, 

Root Network Vessels
Arteries
0: -0.570437,0,0	-0.40259,0,0	0.00793701	0	1
0: 1, 2, 

1: -0.40259,0,0	-0.302803,0.0898491,0	0.00629961	1	2
1: 0, 2, 3, 4, 

2: -0.40259,0,0	-0.302803,-0.0898491,0	0.00629961	1	3
2: 0, 1, 5, 6, 

3: -0.302803,0.0898491,0	-0.205604,0.135587,0	0.005	2	4
3: 1, 4, 7, 8, 

4: -0.302803,0.0898491,0	-0.205604,0.0441111,0	0.005	2	5
4: 1, 3, 9, 10, 

5: -0.302803,-0.0898491,0	-0.205604,-0.0441111,0	0.005	3	6
5: 2, 6, 11, 12, 

6: -0.302803,-0.0898491,0	-0.205604,-0.135587,0	0.005	3	7
6: 2, 5, 13, 14, 

7: -0.205604,0.135587,0	-0.122642,0.158003,0	0.0039685	4	8
7: 3, 8, 30, 36, 

Root Network Vessels
Arteries
0: -0.570437,0,0	-0.40259,0,0	0.00793701	0	1
0: 1, 2, 

1: -0.40259,0,0	-0.302803,0.0898491,0	0.00629961	1	2
1: 0, 2, 3, 4, 

2: -0.40259,0,0	-0.302803,-0.0898491,0	0.00629961	1	3
2: 0, 1, 5, 6, 

3: -0.302803,0.0898491,0	-0.205604,0.135587,0	0.005	2	4
3: 1, 4, 7, 8, 

4: -0.302803,0.0898491,0	-0.205604,0.0441111,0	0.005	2	5
4: 1, 3, 9, 10, 

5: -0.302803,-0.0898491,0	-0.205604,-0.0441111,0	0.005	3	6
5: 2, 6, 11, 12, 

6: -0.302803,-0.0898491,0	-0.205604,-0.135587,0	0.005	3	7
6: 2, 5, 13, 14, 

7: -0.205604,0.135587,0	-0.122642,0.158003,0	0.0039685	4	8
7: 3, 8, 30, 36, 

8: -0.205604,0.135587,0	-0.122642,0.113171,0	0.0039685	4	9
0: -0.570437,0,0	-0.40259,0,0	0.00793701	0	1
0: 1, 2, 

1: -0.40259,0,0	-0.302803,0.0898491,0	0.00629961	1	2
1: 0, 2, 3, 4, 

2: -0.40259,0,0	-0.302803,-0.0898491,0	0.00629961	1	3
2: 0, 1, 5, 6, 

3: -0.302803,0.0898491,0	-0.205604,0.135587,0	0.005	2	4
3: 1, 4, 7, 8, 

4: -0.302803,0.0898491,0	-0.205604,0.0441111,0	0.005	2	5
4: 1, 3, 9, 10, 

5: -0.302803,-0.0898491,0	-0.205604,-0.0441111,0	0.005	3	6
5: 2, 6, 11, 12, 

6: -0.302803,-0.0898491,0	-0.205604,-0.135587,0	0.005	3	7
6: 2, 5, 13, 14, 

7: -0.205604,0.135587,0	-0.122642,0.158003,0	0.0039685	4	8
7: 3, 8, 30, 36, 

2: 0, 1, 5, 6, 

3: -0.302803,0.0898491,0	-0.205604,0.135587,0	0.005	2	4
3: 1, 4, 7, 8, 

4: -0.302803,0.0898491,0	-0.205604,0.0441111,0	0.005	2	5
4: 1, 3, 9, 10, 

5: -0.302803,-0.0898491,0	-0.205604,-0.0441111,0	0.005	3	6
5: 2, 6, 11, 12, 

6: -0.302803,-0.0898491,0	-0.205604,-0.135587,0	0.005	3	7
6: 2, 5, 13, 14, 

7: -0.205604,0.135587,0	-0.122642,0.158003,0	0.0039685	4	8
7: 3, 8, 30, 36, 

8: -0.205604,0.135587,0	-0.122642,0.113171,0	0.0039685	4	9
8: 3, 7, 42, 48, 

9: -0.205604,0.0441111,0	-0.122642,0.0665271,0	0.0039685	5	10
9: 4, 10, 54, 60, 

3: -0.302803,0.0898491,0	-0.205604,0.135587,0	0.005	2	4
3: 1, 4, 7, 8, 

4: -0.302803,0.0898491,0	-0.205604,0.0441111,0	0.005	2	5
4: 1, 3, 9, 10, 

5: -0.302803,-0.0898491,0	-0.205604,-0.0441111,0	0.005	3	6
5: 2, 6, 11, 12, 

6: -0.302803,-0.0898491,0	-0.205604,-0.135587,0	0.005	3	7
6: 2, 5, 13, 14, 

7: -0.205604,0.135587,0	-0.122642,0.158003,0	0.0039685	4	8
7: 3, 8, 30, 36, 

8: -0.205604,0.135587,0	-0.122642,0.113171,0	0.0039685	4	9
8: 3, 7, 42, 48, 

9: -0.205604,0.0441111,0	-0.122642,0.0665271,0	0.0039685	5	10
9: 4, 10, 54, 60, 

10: -0.205604,0.0441111,0	-0.122642,0.021695,0	0.0039685	5	11
3: -0.302803,0.0898491,0	-0.205604,0.135587,0	0.005	2	4
3: 1, 4, 7, 8, 

4: -0.302803,0.0898491,0	-0.205604,0.0441111,0	0.005	2	5
4: 1, 3, 9, 10, 

5: -0.302803,-0.0898491,0	-0.205604,-0.0441111,0	0.005	3	6
5: 2, 6, 11, 12, 

6: -0.302803,-0.0898491,0	-0.205604,-0.135587,0	0.005	3	7
6: 2, 5, 13, 14, 

7: -0.205604,0.135587,0	-0.122642,0.158003,0	0.0039685	4	8
7: 3, 8, 30, 36, 

8: -0.205604,0.135587,0	-0.122642,0.113171,0	0.0039685	4	9
8: 3, 7, 42, 48, 

9: -0.205604,0.0441111,0	-0.122642,0.0665271,0	0.0039685	5	10
9: 4, 10, 54, 60, 

10: -0.205604,0.0441111,0	-0.122642,0.021695,0	0.0039685	5	11
10: 4, 9, 66, 72, 

3: -0.302803,0.0898491,0	-0.205604,0.135587,0	0.005	2	4
3: 1, 4, 7, 8, 

4: -0.302803,0.0898491,0	-0.205604,0.0441111,0	0.005	2	5
4: 1, 3, 9, 10, 

5: -0.302803,-0.0898491,0	-0.205604,-0.0441111,0	0.005	3	6
5: 2, 6, 11, 12, 

6: -0.302803,-0.0898491,0	-0.205604,-0.135587,0	0.005	3	7
6: 2, 5, 13, 14, 

7: -0.205604,0.135587,0	-0.122642,0.158003,0	0.0039685	4	8
7: 3, 8, 30, 36, 

8: -0.205604,0.135587,0	-0.122642,0.113171,0	0.0039685	4	9
8: 3, 7, 42, 48, 

9: -0.205604,0.0441111,0	-0.122642,0.0665271,0	0.0039685	5	10
9: 4, 10, 54, 60, 

10: -0.205604,0.0441111,0	-0.122642,0.021695,0	0.0039685	5	11
10: 4, 9, 66, 72, 

3: 1, 4, 7, 8, 

4: -0.302803,0.0898491,0	-0.205604,0.0441111,0	0.005	2	5
4: 1, 3, 9, 10, 

5: -0.302803,-0.0898491,0	-0.205604,-0.0441111,0	0.005	3	6
5: 2, 6, 11, 12, 

6: -0.302803,-0.0898491,0	-0.205604,-0.135587,0	0.005	3	7
6: 2, 5, 13, 14, 

7: -0.205604,0.135587,0	-0.122642,0.158003,0	0.0039685	4	8
7: 3, 8, 30, 36, 

8: -0.205604,0.135587,0	-0.122642,0.113171,0	0.0039685	4	9
8: 3, 7, 42, 48, 

9: -0.205604,0.0441111,0	-0.122642,0.0665271,0	0.0039685	5	10
9: 4, 10, 54, 60, 

10: -0.205604,0.0441111,0	-0.122642,0.021695,0	0.0039685	5	11
10: 4, 9, 66, 72, 

11: -0.205604,-0.0441111,0	-0.122642,-0.021695,0	0.0039685	6	12
4: -0.302803,0.0898491,0	-0.205604,0.0441111,0	0.005	2	5
4: 1, 3, 9, 10, 

5: -0.302803,-0.0898491,0	-0.205604,-0.0441111,0	0.005	3	6
5: 2, 6, 11, 12, 

6: -0.302803,-0.0898491,0	-0.205604,-0.135587,0	0.005	3	7
6: 2, 5, 13, 14, 

7: -0.205604,0.135587,0	-0.122642,0.158003,0	0.0039685	4	8
7: 3, 8, 30, 36, 

8: -0.205604,0.135587,0	-0.122642,0.113171,0	0.0039685	4	9
8: 3, 7, 42, 48, 

9: -0.205604,0.0441111,0	-0.122642,0.0665271,0	0.0039685	5	10
9: 4, 10, 54, 60, 

10: -0.205604,0.0441111,0	-0.122642,0.021695,0	0.0039685	5	11
10: 4, 9, 66, 72, 

11: -0.205604,-0.0441111,0	-0.122642,-0.021695,0	0.0039685	6	12
11: 5, 12, 78, 84, 

4: 1, 3, 9, 10, 

5: -0.302803,-0.0898491,0	-0.205604,-0.0441111,0	0.005	3	6
5: 2, 6, 11, 12, 

6: -0.302803,-0.0898491,0	-0.205604,-0.135587,0	0.005	3	7
6: 2, 5, 13, 14, 

7: -0.205604,0.135587,0	-0.122642,0.158003,0	0.0039685	4	8
7: 3, 8, 30, 36, 

8: -0.205604,0.135587,0	-0.122642,0.113171,0	0.0039685	4	9
8: 3, 7, 42, 48, 

9: -0.205604,0.0441111,0	-0.122642,0.0665271,0	0.0039685	5	10
9: 4, 10, 54, 60, 

10: -0.205604,0.0441111,0	-0.122642,0.021695,0	0.0039685	5	11
10: 4, 9, 66, 72, 

11: -0.205604,-0.0441111,0	-0.122642,-0.021695,0	0.0039685	6	12
11: 5, 12, 78, 84, 

12: -0.205604,-0.0441111,0	-0.122642,-0.0665271,0	0.0039685	6	13
5: -0.302803,-0.0898491,0	-0.205604,-0.0441111,0	0.005	3	6
5: 2, 6, 11, 12, 

6: -0.302803,-0.0898491,0	-0.205604,-0.135587,0	0.005	3	7
6: 2, 5, 13, 14, 

7: -0.205604,0.135587,0	-0.122642,0.158003,0	0.0039685	4	8
7: 3, 8, 30, 36, 

8: -0.205604,0.135587,0	-0.122642,0.113171,0	0.0039685	4	9
8: 3, 7, 42, 48, 

9: -0.205604,0.0441111,0	-0.122642,0.0665271,0	0.0039685	5	10
9: 4, 10, 54, 60, 

10: -0.205604,0.0441111,0	-0.122642,0.021695,0	0.0039685	5	11
10: 4, 9, 66, 72, 

11: -0.205604,-0.0441111,0	-0.122642,-0.021695,0	0.0039685	6	12
11: 5, 12, 78, 84, 

12: -0.205604,-0.0441111,0	-0.122642,-0.0665271,0	0.0039685	6	13
12: 5, 11, 90, 96, 

5: -0.302803,-0.0898491,0	-0.205604,-0.0441111,0	0.005	3	6
5: 2, 6, 11, 12, 

6: -0.302803,-0.0898491,0	-0.205604,-0.135587,0	0.005	3	7
6: 2, 5, 13, 14, 

7: -0.205604,0.135587,0	-0.122642,0.158003,0	0.0039685	4	8
7: 3, 8, 30, 36, 

8: -0.205604,0.135587,0	-0.122642,0.113171,0	0.0039685	4	9
8: 3, 7, 42, 48, 

9: -0.205604,0.0441111,0	-0.122642,0.0665271,0	0.0039685	5	10
9: 4, 10, 54, 60, 

10: -0.205604,0.0441111,0	-0.122642,0.021695,0	0.0039685	5	11
10: 4, 9, 66, 72, 

11: -0.205604,-0.0441111,0	-0.122642,-0.021695,0	0.0039685	6	12
11: 5, 12, 78, 84, 

12: -0.205604,-0.0441111,0	-0.122642,-0.0665271,0	0.0039685	6	13
12: 5, 11, 90, 96, 

5: 2, 6, 11, 12, 

6: -0.302803,-0.0898491,0	-0.205604,-0.135587,0	0.005	3	7
6: 2, 5, 13, 14, 

7: -0.205604,0.135587,0	-0.122642,0.158003,0	0.0039685	4	8
7: 3, 8, 30, 36, 

8: -0.205604,0.135587,0	-0.122642,0.113171,0	0.0039685	4	9
8: 3, 7, 42, 48, 

9: -0.205604,0.0441111,0	-0.122642,0.0665271,0	0.0039685	5	10
9: 4, 10, 54, 60, 

10: -0.205604,0.0441111,0	-0.122642,0.021695,0	0.0039685	5	11
10: 4, 9, 66, 72, 

11: -0.205604,-0.0441111,0	-0.122642,-0.021695,0	0.0039685	6	12
11: 5, 12, 78, 84, 

12: -0.205604,-0.0441111,0	-0.122642,-0.0665271,0	0.0039685	6	13
12: 5, 11, 90, 96, 

13: -0.205604,-0.135587,0	-0.122642,-0.113171,0	0.0039685	7	14
6: -0.302803,-0.0898491,0	-0.205604,-0.135587,0	0.005	3	7
6: 2, 5, 13, 14, 

7: -0.205604,0.135587,0	-0.122642,0.158003,0	0.0039685	4	8
7: 3, 8, 30, 36, 

8: -0.205604,0.135587,0	-0.122642,0.113171,0	0.0039685	4	9
8: 3, 7, 42, 48, 

9: -0.205604,0.0441111,0	-0.122642,0.0665271,0	0.0039685	5	10
9: 4, 10, 54, 60, 

10: -0.205604,0.0441111,0	-0.122642,0.021695,0	0.0039685	5	11
10: 4, 9, 66, 72, 

11: -0.205604,-0.0441111,0	-0.122642,-0.021695,0	0.0039685	6	12
11: 5, 12, 78, 84, 

12: -0.205604,-0.0441111,0	-0.122642,-0.0665271,0	0.0039685	6	13
12: 5, 11, 90, 96, 

13: -0.205604,-0.135587,0	-0.122642,-0.113171,0	0.0039685	7	14
13: 6, 14, 102, 108, 

14: -0.205604,-0.135587,0	-0.122642,-0.158003,0	0.0039685	7	15
7: -0.205604,0.135587,0	-0.122642,0.158003,0	0.0039685	4	8
7: 3, 8, 30, 36, 

8: -0.205604,0.135587,0	-0.122642,0.113171,0	0.0039685	4	9
8: 3, 7, 42, 48, 

9: -0.205604,0.0441111,0	-0.122642,0.0665271,0	0.0039685	5	10
9: 4, 10, 54, 60, 

10: -0.205604,0.0441111,0	-0.122642,0.021695,0	0.0039685	5	11
10: 4, 9, 66, 72, 

11: -0.205604,-0.0441111,0	-0.122642,-0.021695,0	0.0039685	6	12
11: 5, 12, 78, 84, 

12: -0.205604,-0.0441111,0	-0.122642,-0.0665271,0	0.0039685	6	13
12: 5, 11, 90, 96, 

13: -0.205604,-0.135587,0	-0.122642,-0.113171,0	0.0039685	7	14
13: 6, 14, 102, 108, 

14: -0.205604,-0.135587,0	-0.122642,-0.158003,0	0.0039685	7	15
14: 6, 13, 114, 120, 


Veins
7: -0.205604,0.135587,0	-0.122642,0.158003,0	0.0039685	4	8
7: 3, 8, 30, 36, 

8: -0.205604,0.135587,0	-0.122642,0.113171,0	0.0039685	4	9
8: 3, 7, 42, 48, 

9: -0.205604,0.0441111,0	-0.122642,0.0665271,0	0.0039685	5	10
9: 4, 10, 54, 60, 

10: -0.205604,0.0441111,0	-0.122642,0.021695,0	0.0039685	5	11
10: 4, 9, 66, 72, 

11: -0.205604,-0.0441111,0	-0.122642,-0.021695,0	0.0039685	6	12
11: 5, 12, 78, 84, 

12: -0.205604,-0.0441111,0	-0.122642,-0.0665271,0	0.0039685	6	13
12: 5, 11, 90, 96, 

13: -0.205604,-0.135587,0	-0.122642,-0.113171,0	0.0039685	7	14
13: 6, 14, 102, 108, 

14: -0.205604,-0.135587,0	-0.122642,-0.158003,0	0.0039685	7	15
14: 6, 13, 114, 120, 


Veins
8: -0.205604,0.135587,0	-0.122642,0.113171,0	0.0039685	4	9
8: 3, 7, 42, 48, 

9: -0.205604,0.0441111,0	-0.122642,0.0665271,0	0.0039685	5	10
9: 4, 10, 54, 60, 

10: -0.205604,0.0441111,0	-0.122642,0.021695,0	0.0039685	5	11
10: 4, 9, 66, 72, 

11: -0.205604,-0.0441111,0	-0.122642,-0.021695,0	0.0039685	6	12
11: 5, 12, 78, 84, 

12: -0.205604,-0.0441111,0	-0.122642,-0.0665271,0	0.0039685	6	13
12: 5, 11, 90, 96, 

13: -0.205604,-0.135587,0	-0.122642,-0.113171,0	0.0039685	7	14
13: 6, 14, 102, 108, 

14: -0.205604,-0.135587,0	-0.122642,-0.158003,0	0.0039685	7	15
14: 6, 13, 114, 120, 


Veins
16: 0.122642,0.158003,0	0.205604,0.135587,0	0.0039685	80	88
8: 3, 7, 42, 48, 

9: -0.205604,0.0441111,0	-0.122642,0.0665271,0	0.0039685	5	10
9: 4, 10, 54, 60, 

10: -0.205604,0.0441111,0	-0.122642,0.021695,0	0.0039685	5	11
10: 4, 9, 66, 72, 

11: -0.205604,-0.0441111,0	-0.122642,-0.021695,0	0.0039685	6	12
11: 5, 12, 78, 84, 

12: -0.205604,-0.0441111,0	-0.122642,-0.0665271,0	0.0039685	6	13
12: 5, 11, 90, 96, 

13: -0.205604,-0.135587,0	-0.122642,-0.113171,0	0.0039685	7	14
13: 6, 14, 102, 108, 

14: -0.205604,-0.135587,0	-0.122642,-0.158003,0	0.0039685	7	15
14: 6, 13, 114, 120, 


Veins
16: 0.122642,0.158003,0	0.205604,0.135587,0	0.0039685	80	88
47: 23, 16, 35, 41, 

8: -0.205604,0.135587,0	-0.122642,0.113171,0	0.0039685	4	9
8: 3, 7, 42, 48, 

9: -0.205604,0.0441111,0	-0.122642,0.0665271,0	0.0039685	5	10
9: 4, 10, 54, 60, 

10: -0.205604,0.0441111,0	-0.122642,0.021695,0	0.0039685	5	11
10: 4, 9, 66, 72, 

11: -0.205604,-0.0441111,0	-0.122642,-0.021695,0	0.0039685	6	12
11: 5, 12, 78, 84, 

12: -0.205604,-0.0441111,0	-0.122642,-0.0665271,0	0.0039685	6	13
12: 5, 11, 90, 96, 

13: -0.205604,-0.135587,0	-0.122642,-0.113171,0	0.0039685	7	14
13: 6, 14, 102, 108, 

14: -0.205604,-0.135587,0	-0.122642,-0.158003,0	0.0039685	7	15
14: 6, 13, 114, 120, 


Veins
16: 0.122642,0.158003,0	0.205604,0.135587,0	0.0039685	80	88
47: 23, 16, 35, 41, 

10: -0.205604,0.0441111,0	-0.122642,0.021695,0	0.0039685	5	11
10: 4, 9, 66, 72, 

11: -0.205604,-0.0441111,0	-0.122642,-0.021695,0	0.0039685	6	12
11: 5, 12, 78, 84, 

12: -0.205604,-0.0441111,0	-0.122642,-0.0665271,0	0.0039685	6	13
12: 5, 11, 90, 96, 

13: -0.205604,-0.135587,0	-0.122642,-0.113171,0	0.0039685	7	14
13: 6, 14, 102, 108, 

14: -0.205604,-0.135587,0	-0.122642,-0.158003,0	0.0039685	7	15
14: 6, 13, 114, 120, 


Veins
16: 0.122642,0.158003,0	0.205604,0.135587,0	0.0039685	80	88
47: 23, 16, 35, 41, 

17: 0.122642,0.113171,0	0.205604,0.135587,0	0.0039685	81	88
48: 23, 15, 47, 53, 

18: 0.122642,0.0665271,0	0.205604,0.0441111,0	0.0039685	82	89
49: 24, 18, 59, 65, 

10: 4, 9, 66, 72, 

11: -0.205604,-0.0441111,0	-0.122642,-0.021695,0	0.0039685	6	12
11: 5, 12, 78, 84, 

12: -0.205604,-0.0441111,0	-0.122642,-0.0665271,0	0.0039685	6	13
12: 5, 11, 90, 96, 

13: -0.205604,-0.135587,0	-0.122642,-0.113171,0	0.0039685	7	14
13: 6, 14, 102, 108, 

14: -0.205604,-0.135587,0	-0.122642,-0.158003,0	0.0039685	7	15
14: 6, 13, 114, 120, 


Veins
16: 0.122642,0.158003,0	0.205604,0.135587,0	0.0039685	80	88
47: 23, 16, 35, 41, 

17: 0.122642,0.113171,0	0.205604,0.135587,0	0.0039685	81	88
48: 23, 15, 47, 53, 

18: 0.122642,0.0665271,0	0.205604,0.0441111,0	0.0039685	82	89
49: 24, 18, 59, 65, 

19: 0.122642,0.021695,0	0.205604,0.0441111,0	0.0039685	83	89
11: -0.205604,-0.0441111,0	-0.122642,-0.021695,0	0.0039685	6	12
11: 5, 12, 78, 84, 

12: -0.205604,-0.0441111,0	-0.122642,-0.0665271,0	0.0039685	6	13
12: 5, 11, 90, 96, 

13: -0.205604,-0.135587,0	-0.122642,-0.113171,0	0.0039685	7	14
13: 6, 14, 102, 108, 

14: -0.205604,-0.135587,0	-0.122642,-0.158003,0	0.0039685	7	15
14: 6, 13, 114, 120, 


Veins
16: 0.122642,0.158003,0	0.205604,0.135587,0	0.0039685	80	88
47: 23, 16, 35, 41, 

17: 0.122642,0.113171,0	0.205604,0.135587,0	0.0039685	81	88
48: 23, 15, 47, 53, 

18: 0.122642,0.0665271,0	0.205604,0.0441111,0	0.0039685	82	89
49: 24, 18, 59, 65, 

19: 0.122642,0.021695,0	0.205604,0.0441111,0	0.0039685	83	89
11: -0.205604,-0.0441111,0	-0.122642,-0.021695,0	0.0039685	6	12
11: 5, 12, 78, 84, 

12: -0.205604,-0.0441111,0	-0.122642,-0.0665271,0	0.0039685	6	13
12: 5, 11, 90, 96, 

13: -0.205604,-0.135587,0	-0.122642,-0.113171,0	0.0039685	7	14
13: 6, 14, 102, 108, 

14: -0.205604,-0.135587,0	-0.122642,-0.158003,0	0.0039685	7	15
14: 6, 13, 114, 120, 


Veins
16: 0.122642,0.158003,0	0.205604,0.135587,0	0.0039685	80	88
47: 23, 16, 35, 41, 

17: 0.122642,0.113171,0	0.205604,0.135587,0	0.0039685	81	88
48: 23, 15, 47, 53, 

18: 0.122642,0.0665271,0	0.205604,0.0441111,0	0.0039685	82	89
49: 24, 18, 59, 65, 

19: 0.122642,0.021695,0	0.205604,0.0441111,0	0.0039685	83	89
50: 24, 17, 71, 77, 

11: 5, 12, 78, 84, 

12: -0.205604,-0.0441111,0	-0.122642,-0.0665271,0	0.0039685	6	13
12: 5, 11, 90, 96, 

13: -0.205604,-0.135587,0	-0.122642,-0.113171,0	0.0039685	7	14
13: 6, 14, 102, 108, 

14: -0.205604,-0.135587,0	-0.122642,-0.158003,0	0.0039685	7	15
14: 6, 13, 114, 120, 


Veins
16: 0.122642,0.158003,0	0.205604,0.135587,0	0.0039685	80	88
47: 23, 16, 35, 41, 

17: 0.122642,0.113171,0	0.205604,0.135587,0	0.0039685	81	88
48: 23, 15, 47, 53, 

18: 0.122642,0.0665271,0	0.205604,0.0441111,0	0.0039685	82	89
49: 24, 18, 59, 65, 

19: 0.122642,0.021695,0	0.205604,0.0441111,0	0.0039685	83	89
50: 24, 17, 71, 77, 

12: -0.205604,-0.0441111,0	-0.122642,-0.0665271,0	0.0039685	6	13
12: 5, 11, 90, 96, 

13: -0.205604,-0.135587,0	-0.122642,-0.113171,0	0.0039685	7	14
13: 6, 14, 102, 108, 

14: -0.205604,-0.135587,0	-0.122642,-0.158003,0	0.0039685	7	15
14: 6, 13, 114, 120, 


Veins
16: 0.122642,0.158003,0	0.205604,0.135587,0	0.0039685	80	88
47: 23, 16, 35, 41, 

17: 0.122642,0.113171,0	0.205604,0.135587,0	0.0039685	81	88
48: 23, 15, 47, 53, 

18: 0.122642,0.0665271,0	0.205604,0.0441111,0	0.0039685	82	89
49: 24, 18, 59, 65, 

19: 0.122642,0.021695,0	0.205604,0.0441111,0	0.0039685	83	89
50: 24, 17, 71, 77, 

20: 0.122642,-0.021695,0	0.205604,-0.0441111,0	0.0039685	84	90
51: 25, 20, 83, 89, 

12: 5, 11, 90, 96, 

13: -0.205604,-0.135587,0	-0.122642,-0.113171,0	0.0039685	7	14
13: 6, 14, 102, 108, 

14: -0.205604,-0.135587,0	-0.122642,-0.158003,0	0.0039685	7	15
14: 6, 13, 114, 120, 


Veins
16: 0.122642,0.158003,0	0.205604,0.135587,0	0.0039685	80	88
47: 23, 16, 35, 41, 

17: 0.122642,0.113171,0	0.205604,0.135587,0	0.0039685	81	88
48: 23, 15, 47, 53, 

18: 0.122642,0.0665271,0	0.205604,0.0441111,0	0.0039685	82	89
49: 24, 18, 59, 65, 

19: 0.122642,0.021695,0	0.205604,0.0441111,0	0.0039685	83	89
50: 24, 17, 71, 77, 

20: 0.122642,-0.021695,0	0.205604,-0.0441111,0	0.0039685	84	90
51: 25, 20, 83, 89, 

13: -0.205604,-0.135587,0	-0.122642,-0.113171,0	0.0039685	7	14
13: 6, 14, 102, 108, 

14: -0.205604,-0.135587,0	-0.122642,-0.158003,0	0.0039685	7	15
14: 6, 13, 114, 120, 


Veins
16: 0.122642,0.158003,0	0.205604,0.135587,0	0.0039685	80	88
47: 23, 16, 35, 41, 

17: 0.122642,0.113171,0	0.205604,0.135587,0	0.0039685	81	88
48: 23, 15, 47, 53, 

18: 0.122642,0.0665271,0	0.205604,0.0441111,0	0.0039685	82	89
49: 24, 18, 59, 65, 

19: 0.122642,0.021695,0	0.205604,0.0441111,0	0.0039685	83	89
50: 24, 17, 71, 77, 

20: 0.122642,-0.021695,0	0.205604,-0.0441111,0	0.0039685	84	90
51: 25, 20, 83, 89, 

21: 0.122642,-0.0665271,0	0.205604,-0.0441111,0	0.0039685	85	90
52: 25, 19, 95, 101, 

13: -0.205604,-0.135587,0	-0.122642,-0.113171,0	0.0039685	7	14
13: 6, 14, 102, 108, 

14: -0.205604,-0.135587,0	-0.122642,-0.158003,0	0.0039685	7	15
14: 6, 13, 114, 120, 


Veins
16: 0.122642,0.158003,0	0.205604,0.135587,0	0.0039685	80	88
47: 23, 16, 35, 41, 

17: 0.122642,0.113171,0	0.205604,0.135587,0	0.0039685	81	88
48: 23, 15, 47, 53, 

18: 0.122642,0.0665271,0	0.205604,0.0441111,0	0.0039685	82	89
49: 24, 18, 59, 65, 

19: 0.122642,0.021695,0	0.205604,0.0441111,0	0.0039685	83	89
50: 24, 17, 71, 77, 

20: 0.122642,-0.021695,0	0.205604,-0.0441111,0	0.0039685	84	90
51: 25, 20, 83, 89, 

21: 0.122642,-0.0665271,0	0.205604,-0.0441111,0	0.0039685	85	90
52: 25, 19, 95, 101, 

13: 6, 14, 102, 108, 

14: -0.205604,-0.135587,0	-0.122642,-0.158003,0	0.0039685	7	15
14: 6, 13, 114, 120, 


Veins
16: 0.122642,0.158003,0	0.205604,0.135587,0	0.0039685	80	88
47: 23, 16, 35, 41, 

17: 0.122642,0.113171,0	0.205604,0.135587,0	0.0039685	81	88
48: 23, 15, 47, 53, 

18: 0.122642,0.0665271,0	0.205604,0.0441111,0	0.0039685	82	89
49: 24, 18, 59, 65, 

19: 0.122642,0.021695,0	0.205604,0.0441111,0	0.0039685	83	89
50: 24, 17, 71, 77, 

20: 0.122642,-0.021695,0	0.205604,-0.0441111,0	0.0039685	84	90
51: 25, 20, 83, 89, 

21: 0.122642,-0.0665271,0	0.205604,-0.0441111,0	0.0039685	85	90
52: 25, 19, 95, 101, 

14: 6, 13, 114, 120, 


Veins
16: 0.122642,0.158003,0	0.205604,0.135587,0	0.0039685	80	88
47: 23, 16, 35, 41, 

17: 0.122642,0.113171,0	0.205604,0.135587,0	0.0039685	81	88
48: 23, 15, 47, 53, 

18: 0.122642,0.0665271,0	0.205604,0.0441111,0	0.0039685	82	89
49: 24, 18, 59, 65, 

19: 0.122642,0.021695,0	0.205604,0.0441111,0	0.0039685	83	89
50: 24, 17, 71, 77, 

20: 0.122642,-0.021695,0	0.205604,-0.0441111,0	0.0039685	84	90
51: 25, 20, 83, 89, 

21: 0.122642,-0.0665271,0	0.205604,-0.0441111,0	0.0039685	85	90
52: 25, 19, 95, 101, 

22: 0.122642,-0.113171,0	0.205604,-0.135587,0	0.0039685	86	91
53: 26, 22, 107, 113, 

16: 0.122642,0.158003,0	0.205604,0.135587,0	0.0039685	80	88
47: 23, 16, 35, 41, 

17: 0.122642,0.113171,0	0.205604,0.135587,0	0.0039685	81	88
48: 23, 15, 47, 53, 

18: 0.122642,0.0665271,0	0.205604,0.0441111,0	0.0039685	82	89
49: 24, 18, 59, 65, 

19: 0.122642,0.021695,0	0.205604,0.0441111,0	0.0039685	83	89
50: 24, 17, 71, 77, 

20: 0.122642,-0.021695,0	0.205604,-0.0441111,0	0.0039685	84	90
51: 25, 20, 83, 89, 

21: 0.122642,-0.0665271,0	0.205604,-0.0441111,0	0.0039685	85	90
52: 25, 19, 95, 101, 

22: 0.122642,-0.113171,0	0.205604,-0.135587,0	0.0039685	86	91
53: 26, 22, 107, 113, 

23: 0.122642,-0.158003,0	0.205604,-0.135587,0	0.0039685	87	91
16: 0.122642,0.158003,0	0.205604,0.135587,0	0.0039685	80	88
47: 23, 16, 35, 41, 

17: 0.122642,0.113171,0	0.205604,0.135587,0	0.0039685	81	88
48: 23, 15, 47, 53, 

18: 0.122642,0.0665271,0	0.205604,0.0441111,0	0.0039685	82	89
49: 24, 18, 59, 65, 

19: 0.122642,0.021695,0	0.205604,0.0441111,0	0.0039685	83	89
50: 24, 17, 71, 77, 

20: 0.122642,-0.021695,0	0.205604,-0.0441111,0	0.0039685	84	90
51: 25, 20, 83, 89, 

21: 0.122642,-0.0665271,0	0.205604,-0.0441111,0	0.0039685	85	90
52: 25, 19, 95, 101, 

22: 0.122642,-0.113171,0	0.205604,-0.135587,0	0.0039685	86	91
53: 26, 22, 107, 113, 

23: 0.122642,-0.158003,0	0.205604,-0.135587,0	0.0039685	87	91
54: 26, 21, 119, 125, 

47: 23, 16, 35, 41, 

17: 0.122642,0.113171,0	0.205604,0.135587,0	0.0039685	81	88
48: 23, 15, 47, 53, 

18: 0.122642,0.0665271,0	0.205604,0.0441111,0	0.0039685	82	89
49: 24, 18, 59, 65, 

19: 0.122642,0.021695,0	0.205604,0.0441111,0	0.0039685	83	89
50: 24, 17, 71, 77, 

20: 0.122642,-0.021695,0	0.205604,-0.0441111,0	0.0039685	84	90
51: 25, 20, 83, 89, 

21: 0.122642,-0.0665271,0	0.205604,-0.0441111,0	0.0039685	85	90
52: 25, 19, 95, 101, 

22: 0.122642,-0.113171,0	0.205604,-0.135587,0	0.0039685	86	91
53: 26, 22, 107, 113, 

23: 0.122642,-0.158003,0	0.205604,-0.135587,0	0.0039685	87	91
54: 26, 21, 119, 125, 

17: 0.122642,0.113171,0	0.205604,0.135587,0	0.0039685	81	88
48: 23, 15, 47, 53, 

18: 0.122642,0.0665271,0	0.205604,0.0441111,0	0.0039685	82	89
49: 24, 18, 59, 65, 

19: 0.122642,0.021695,0	0.205604,0.0441111,0	0.0039685	83	89
50: 24, 17, 71, 77, 

20: 0.122642,-0.021695,0	0.205604,-0.0441111,0	0.0039685	84	90
51: 25, 20, 83, 89, 

21: 0.122642,-0.0665271,0	0.205604,-0.0441111,0	0.0039685	85	90
52: 25, 19, 95, 101, 

22: 0.122642,-0.113171,0	0.205604,-0.135587,0	0.0039685	86	91
53: 26, 22, 107, 113, 

23: 0.122642,-0.158003,0	0.205604,-0.135587,0	0.0039685	87	91
54: 26, 21, 119, 125, 

24: 0.205604,0.135587,0	0.302803,0.0898491,0	0.005	88	92
17: 0.122642,0.113171,0	0.205604,0.135587,0	0.0039685	81	88
48: 23, 15, 47, 53, 

18: 0.122642,0.0665271,0	0.205604,0.0441111,0	0.0039685	82	89
49: 24, 18, 59, 65, 

19: 0.122642,0.021695,0	0.205604,0.0441111,0	0.0039685	83	89
50: 24, 17, 71, 77, 

20: 0.122642,-0.021695,0	0.205604,-0.0441111,0	0.0039685	84	90
51: 25, 20, 83, 89, 

21: 0.122642,-0.0665271,0	0.205604,-0.0441111,0	0.0039685	85	90
52: 25, 19, 95, 101, 

22: 0.122642,-0.113171,0	0.205604,-0.135587,0	0.0039685	86	91
53: 26, 22, 107, 113, 

23: 0.122642,-0.158003,0	0.205604,-0.135587,0	0.0039685	87	91
54: 26, 21, 119, 125, 

19: 0.122642,0.021695,0	0.205604,0.0441111,0	0.0039685	83	89
50: 24, 17, 71, 77, 

20: 0.122642,-0.021695,0	0.205604,-0.0441111,0	0.0039685	84	90
51: 25, 20, 83, 89, 

21: 0.122642,-0.0665271,0	0.205604,-0.0441111,0	0.0039685	85	90
52: 25, 19, 95, 101, 

22: 0.122642,-0.113171,0	0.205604,-0.135587,0	0.0039685	86	91
53: 26, 22, 107, 113, 

23: 0.122642,-0.158003,0	0.205604,-0.135587,0	0.0039685	87	91
54: 26, 21, 119, 125, 

24: 0.205604,0.135587,0	0.302803,0.0898491,0	0.005	88	92
55: 27, 24, 15, 16, 

25: 0.205604,0.0441111,0	0.302803,0.0898491,0	0.005	89	92
56: 27, 23, 17, 18, 

50: 24, 17, 71, 77, 

20: 0.122642,-0.021695,0	0.205604,-0.0441111,0	0.0039685	84	90
51: 25, 20, 83, 89, 

21: 0.122642,-0.0665271,0	0.205604,-0.0441111,0	0.0039685	85	90
52: 25, 19, 95, 101, 

22: 0.122642,-0.113171,0	0.205604,-0.135587,0	0.0039685	86	91
53: 26, 22, 107, 113, 

23: 0.122642,-0.158003,0	0.205604,-0.135587,0	0.0039685	87	91
54: 26, 21, 119, 125, 

24: 0.205604,0.135587,0	0.302803,0.0898491,0	0.005	88	92
55: 27, 24, 15, 16, 

25: 0.205604,0.0441111,0	0.302803,0.0898491,0	0.005	89	92
56: 27, 23, 17, 18, 

50: 24, 17, 71, 77, 

20: 0.122642,-0.021695,0	0.205604,-0.0441111,0	0.0039685	84	90
51: 25, 20, 83, 89, 

21: 0.122642,-0.0665271,0	0.205604,-0.0441111,0	0.0039685	85	90
52: 25, 19, 95, 101, 

22: 0.122642,-0.113171,0	0.205604,-0.135587,0	0.0039685	86	91
53: 26, 22, 107, 113, 

23: 0.122642,-0.158003,0	0.205604,-0.135587,0	0.0039685	87	91
54: 26, 21, 119, 125, 

24: 0.205604,0.135587,0	0.302803,0.0898491,0	0.005	88	92
55: 27, 24, 15, 16, 

25: 0.205604,0.0441111,0	0.302803,0.0898491,0	0.005	89	92
56: 27, 23, 17, 18, 

20: 0.122642,-0.021695,0	0.205604,-0.0441111,0	0.0039685	84	90
51: 25, 20, 83, 89, 

21: 0.122642,-0.0665271,0	0.205604,-0.0441111,0	0.0039685	85	90
52: 25, 19, 95, 101, 

22: 0.122642,-0.113171,0	0.205604,-0.135587,0	0.0039685	86	91
53: 26, 22, 107, 113, 

23: 0.122642,-0.158003,0	0.205604,-0.135587,0	0.0039685	87	91
54: 26, 21, 119, 125, 

24: 0.205604,0.135587,0	0.302803,0.0898491,0	0.005	88	92
55: 27, 24, 15, 16, 

25: 0.205604,0.0441111,0	0.302803,0.0898491,0	0.005	89	92
56: 27, 23, 17, 18, 

26: 0.205604,-0.0441111,0	0.302803,-0.0898491,0	0.005	90	93
57: 28, 26, 19, 20, 

20: 0.122642,-0.021695,0	0.205604,-0.0441111,0	0.0039685	84	90
51: 25, 20, 83, 89, 

21: 0.122642,-0.0665271,0	0.205604,-0.0441111,0	0.0039685	85	90
52: 25, 19, 95, 101, 

22: 0.122642,-0.113171,0	0.205604,-0.135587,0	0.0039685	86	91
53: 26, 22, 107, 113, 

23: 0.122642,-0.158003,0	0.205604,-0.135587,0	0.0039685	87	91
54: 26, 21, 119, 125, 

24: 0.205604,0.135587,0	0.302803,0.0898491,0	0.005	88	92
55: 27, 24, 15, 16, 

25: 0.205604,0.0441111,0	0.302803,0.0898491,0	0.005	89	92
56: 27, 23, 17, 18, 

26: 0.205604,-0.0441111,0	0.302803,-0.0898491,0	0.005	90	93
57: 28, 26, 19, 20, 

21: 0.122642,-0.0665271,0	0.205604,-0.0441111,0	0.0039685	85	90
52: 25, 19, 95, 101, 

22: 0.122642,-0.113171,0	0.205604,-0.135587,0	0.0039685	86	91
53: 26, 22, 107, 113, 

23: 0.122642,-0.158003,0	0.205604,-0.135587,0	0.0039685	87	91
54: 26, 21, 119, 125, 

24: 0.205604,0.135587,0	0.302803,0.0898491,0	0.005	88	92
55: 27, 24, 15, 16, 

25: 0.205604,0.0441111,0	0.302803,0.0898491,0	0.005	89	92
56: 27, 23, 17, 18, 

26: 0.205604,-0.0441111,0	0.302803,-0.0898491,0	0.005	90	93
57: 28, 26, 19, 20, 

27: 0.205604,-0.135587,0	0.302803,-0.0898491,0	0.005	91	93
21: 0.122642,-0.0665271,0	0.205604,-0.0441111,0	0.0039685	85	90
52: 25, 19, 95, 101, 

22: 0.122642,-0.113171,0	0.205604,-0.135587,0	0.0039685	86	91
53: 26, 22, 107, 113, 

23: 0.122642,-0.158003,0	0.205604,-0.135587,0	0.0039685	87	91
54: 26, 21, 119, 125, 

24: 0.205604,0.135587,0	0.302803,0.0898491,0	0.005	88	92
55: 27, 24, 15, 16, 

25: 0.205604,0.0441111,0	0.302803,0.0898491,0	0.005	89	92
56: 27, 23, 17, 18, 

26: 0.205604,-0.0441111,0	0.302803,-0.0898491,0	0.005	90	93
57: 28, 26, 19, 20, 

27: 0.205604,-0.135587,0	0.302803,-0.0898491,0	0.005	91	93
58: 28, 25, 21, 22, 

22: 0.122642,-0.113171,0	0.205604,-0.135587,0	0.0039685	86	91
53: 26, 22, 107, 113, 

23: 0.122642,-0.158003,0	0.205604,-0.135587,0	0.0039685	87	91
54: 26, 21, 119, 125, 

24: 0.205604,0.135587,0	0.302803,0.0898491,0	0.005	88	92
55: 27, 24, 15, 16, 

25: 0.205604,0.0441111,0	0.302803,0.0898491,0	0.005	89	92
56: 27, 23, 17, 18, 

26: 0.205604,-0.0441111,0	0.302803,-0.0898491,0	0.005	90	93
57: 28, 26, 19, 20, 

27: 0.205604,-0.135587,0	0.302803,-0.0898491,0	0.005	91	93
58: 28, 25, 21, 22, 

28: 0.302803,0.0898491,0	0.40259,0,0	0.00629961	92	94
22: 0.122642,-0.113171,0	0.205604,-0.135587,0	0.0039685	86	91
53: 26, 22, 107, 113, 

23: 0.122642,-0.158003,0	0.205604,-0.135587,0	0.0039685	87	91
54: 26, 21, 119, 125, 

24: 0.205604,0.135587,0	0.302803,0.0898491,0	0.005	88	92
55: 27, 24, 15, 16, 

25: 0.205604,0.0441111,0	0.302803,0.0898491,0	0.005	89	92
56: 27, 23, 17, 18, 

26: 0.205604,-0.0441111,0	0.302803,-0.0898491,0	0.005	90	93
57: 28, 26, 19, 20, 

27: 0.205604,-0.135587,0	0.302803,-0.0898491,0	0.005	91	93
58: 28, 25, 21, 22, 

22: 0.122642,-0.113171,0	0.205604,-0.135587,0	0.0039685	86	91
53: 26, 22, 107, 113, 

23: 0.122642,-0.158003,0	0.205604,-0.135587,0	0.0039685	87	91
54: 26, 21, 119, 125, 

24: 0.205604,0.135587,0	0.302803,0.0898491,0	0.005	88	92
55: 27, 24, 15, 16, 

25: 0.205604,0.0441111,0	0.302803,0.0898491,0	0.005	89	92
56: 27, 23, 17, 18, 

26: 0.205604,-0.0441111,0	0.302803,-0.0898491,0	0.005	90	93
57: 28, 26, 19, 20, 

27: 0.205604,-0.135587,0	0.302803,-0.0898491,0	0.005	91	93
58: 28, 25, 21, 22, 

28: 0.302803,0.0898491,0	0.40259,0,0	0.00629961	92	94
59: 29, 28, 23, 24, 

23: 0.122642,-0.158003,0	0.205604,-0.135587,0	0.0039685	87	91
54: 26, 21, 119, 125, 

24: 0.205604,0.135587,0	0.302803,0.0898491,0	0.005	88	92
55: 27, 24, 15, 16, 

25: 0.205604,0.0441111,0	0.302803,0.0898491,0	0.005	89	92
56: 27, 23, 17, 18, 

26: 0.205604,-0.0441111,0	0.302803,-0.0898491,0	0.005	90	93
57: 28, 26, 19, 20, 

27: 0.205604,-0.135587,0	0.302803,-0.0898491,0	0.005	91	93
58: 28, 25, 21, 22, 

28: 0.302803,0.0898491,0	0.40259,0,0	0.00629961	92	94
59: 29, 28, 23, 24, 

29: 0.302803,-0.0898491,0	0.40259,0,0	0.00629961	93	94
60: 29, 27, 25, 26, 
54: 26, 21, 119, 125, 

24: 0.205604,0.135587,0	0.302803,0.0898491,0	0.005	88	92
55: 27, 24, 15, 16, 

25: 0.205604,0.0441111,0	0.302803,0.0898491,0	0.005	89	92
56: 27, 23, 17, 18, 

26: 0.205604,-0.0441111,0	0.302803,-0.0898491,0	0.005	90	93
57: 28, 26, 19, 20, 

27: 0.205604,-0.135587,0	0.302803,-0.0898491,0	0.005	91	93
58: 28, 25, 21, 22, 

28: 0.302803,0.0898491,0	0.40259,0,0	0.00629961	92	94
59: 29, 28, 23, 24, 

29: 0.302803,-0.0898491,0	0.40259,0,0	0.00629961	93	94
60: 29, 27, 25, 26, 

24: 0.205604,0.135587,0	0.302803,0.0898491,0	0.005	88	92
55: 27, 24, 15, 16, 

25: 0.205604,0.0441111,0	0.302803,0.0898491,0	0.005	89	92
56: 27, 23, 17, 18, 

26: 0.205604,-0.0441111,0	0.302803,-0.0898491,0	0.005	90	93
57: 28, 26, 19, 20, 

27: 0.205604,-0.135587,0	0.302803,-0.0898491,0	0.005	91	93
58: 28, 25, 21, 22, 

28: 0.302803,0.0898491,0	0.40259,0,0	0.00629961	92	94
59: 29, 28, 23, 24, 

29: 0.302803,-0.0898491,0	0.40259,0,0	0.00629961	93	94
60: 29, 27, 25, 26, 

24: 0.205604,0.135587,0	0.302803,0.0898491,0	0.005	88	92
55: 27, 24, 15, 16, 

25: 0.205604,0.0441111,0	0.302803,0.0898491,0	0.005	89	92
56: 27, 23, 17, 18, 

26: 0.205604,-0.0441111,0	0.302803,-0.0898491,0	0.005	90	93
57: 28, 26, 19, 20, 

27: 0.205604,-0.135587,0	0.302803,-0.0898491,0	0.005	91	93
58: 28, 25, 21, 22, 

28: 0.302803,0.0898491,0	0.40259,0,0	0.00629961	92	94
59: 29, 28, 23, 24, 

29: 0.302803,-0.0898491,0	0.40259,0,0	0.00629961	93	94
60: 29, 27, 25, 26, 

30: 0.40259,0,0	0.570437,0,0	0.00793701	94	95
61: 27, 28, 

55: 27, 24, 15, 16, 

25: 0.205604,0.0441111,0	0.302803,0.0898491,0	0.005	89	92
56: 27, 23, 17, 18, 

26: 0.205604,-0.0441111,0	0.302803,-0.0898491,0	0.005	90	93
57: 28, 26, 19, 20, 

27: 0.205604,-0.135587,0	0.302803,-0.0898491,0	0.005	91	93
58: 28, 25, 21, 22, 

28: 0.302803,0.0898491,0	0.40259,0,0	0.00629961	92	94
59: 29, 28, 23, 24, 

29: 0.302803,-0.0898491,0	0.40259,0,0	0.00629961	93	94
60: 29, 27, 25, 26, 

30: 0.40259,0,0	0.570437,0,0	0.00793701	94	95
61: 27, 28, 

24: 0.205604,0.135587,0	0.302803,0.0898491,0	0.005	88	92
55: 27, 24, 15, 16, 

25: 0.205604,0.0441111,0	0.302803,0.0898491,0	0.005	89	92
56: 27, 23, 17, 18, 

26: 0.205604,-0.0441111,0	0.302803,-0.0898491,0	0.005	90	93
57: 28, 26, 19, 20, 

27: 0.205604,-0.135587,0	0.302803,-0.0898491,0	0.005	91	93
58: 28, 25, 21, 22, 

28: 0.302803,0.0898491,0	0.40259,0,0	0.00629961	92	94
59: 29, 28, 23, 24, 

29: 0.302803,-0.0898491,0	0.40259,0,0	0.00629961	93	94
60: 29, 27, 25, 26, 

26: 0.205604,-0.0441111,0	0.302803,-0.0898491,0	0.005	90	93
57: 28, 26, 19, 20, 

27: 0.205604,-0.135587,0	0.302803,-0.0898491,0	0.005	91	93
58: 28, 25, 21, 22, 

28: 0.302803,0.0898491,0	0.40259,0,0	0.00629961	92	94
59: 29, 28, 23, 24, 

29: 0.302803,-0.0898491,0	0.40259,0,0	0.00629961	93	94
60: 29, 27, 25, 26, 

30: 0.40259,0,0	0.570437,0,0	0.00793701	94	95
61: 27, 28, 

26: 0.205604,-0.0441111,0	0.302803,-0.0898491,0	0.005	90	93
57: 28, 26, 19, 20, 

27: 0.205604,-0.135587,0	0.302803,-0.0898491,0	0.005	91	93
58: 28, 25, 21, 22, 

28: 0.302803,0.0898491,0	0.40259,0,0	0.00629961	92	94
59: 29, 28, 23, 24, 

29: 0.302803,-0.0898491,0	0.40259,0,0	0.00629961	93	94
60: 29, 27, 25, 26, 

30: 0.40259,0,0	0.570437,0,0	0.00793701	94	95
61: 27, 28, 

26: 0.205604,-0.0441111,0	0.302803,-0.0898491,0	0.005	90	93
57: 28, 26, 19, 20, 

27: 0.205604,-0.135587,0	0.302803,-0.0898491,0	0.005	91	93
58: 28, 25, 21, 22, 

28: 0.302803,0.0898491,0	0.40259,0,0	0.00629961	92	94
59: 29, 28, 23, 24, 

29: 0.302803,-0.0898491,0	0.40259,0,0	0.00629961	93	94
60: 29, 27, 25, 26, 

30: 0.40259,0,0	0.570437,0,0	0.00793701	94	95
61: 27, 28, 

27: 0.205604,-0.135587,0	0.302803,-0.0898491,0	0.005	91	93
58: 28, 25, 21, 22, 

28: 0.302803,0.0898491,0	0.40259,0,0	0.00629961	92	94
59: 29, 28, 23, 24, 

29: 0.302803,-0.0898491,0	0.40259,0,0	0.00629961	93	94
60: 29, 27, 25, 26, 

30: 0.40259,0,0	0.570437,0,0	0.00793701	94	95
61: 27, 28, 

27: 0.205604,-0.135587,0	0.302803,-0.0898491,0	0.005	91	93
58: 28, 25, 21, 22, 

28: 0.302803,0.0898491,0	0.40259,0,0	0.00629961	92	94
59: 29, 28, 23, 24, 

29: 0.302803,-0.0898491,0	0.40259,0,0	0.00629961	93	94
60: 29, 27, 25, 26, 

30: 0.40259,0,0	0.570437,0,0	0.00793701	94	95
61: 27, 28, 

58: 28, 25, 21, 22, 

28: 0.302803,0.0898491,0	0.40259,0,0	0.00629961	92	94
59: 29, 28, 23, 24, 

29: 0.302803,-0.0898491,0	0.40259,0,0	0.00629961	93	94
60: 29, 27, 25, 26, 

30: 0.40259,0,0	0.570437,0,0	0.00793701	94	95
61: 27, 28, 

28: 0.302803,0.0898491,0	0.40259,0,0	0.00629961	92	94
59: 29, 28, 23, 24, 

29: 0.302803,-0.0898491,0	0.40259,0,0	0.00629961	93	94
60: 29, 27, 25, 26, 

30: 0.40259,0,0	0.570437,0,0	0.00793701	94	95
61: 27, 28, 

59: 29, 28, 23, 24, 

29: 0.302803,-0.0898491,0	0.40259,0,0	0.00629961	93	94
60: 29, 27, 25, 26, 

30: 0.40259,0,0	0.570437,0,0	0.00793701	94	95
61: 27, 28, 

28: 0.302803,0.0898491,0	0.40259,0,0	0.00629961	92	94
59: 29, 28, 23, 24, 

29: 0.302803,-0.0898491,0	0.40259,0,0	0.00629961	93	94
60: 29, 27, 25, 26, 

30: 0.40259,0,0	0.570437,0,0	0.00793701	94	95
61: 27, 28, 

29: 0.302803,-0.0898491,0	0.40259,0,0	0.00629961	93	94
60: 29, 27, 25, 26, 

30: 0.40259,0,0	0.570437,0,0	0.00793701	94	95
61: 27, 28, 


30: 0.40259,0,0	0.570437,0,0	0.00793701	94	95
61: 27, 28, 

30: 0.40259,0,0	0.570437,0,0	0.00793701	94	95
61: 27, 28, 

30: 0.40259,0,0	0.570437,0,0	0.00793701	94	95
61: 27, 28, 

30: 0.40259,0,0	0.570437,0,0	0.00793701	94	95
61: 27, 28, 

Root Network Export time: 0.0334401
Sub Network build time time: 1.08545
Write Geom Data to File 
Geom Vector conversion time 0.232761
Write Geom Data time: 1.71446
Create num Connected Vessels 
time: 2.64402e-06
Create Connected Vessels Array
time: 2.76009e-06
Write Connected Vessels data
time: 0.00281267
Sub Network Export time: 1.71827
Sub Network Vessels:
Sub Network Vessels:
arteries
arteries
Sub Network Vessels:
arteries
Sub Network Vessels:
arteries
Sub Network Vessels:
arteries
4,0: -0.122642,0.0665271,0	-0.054752,0.0773673,0	0.0031498	10	20
Sub Network Vessels:
arteries
Sub Network Vessels:
arteries
6,0: -0.122642,0.021695,0	-0.054752,0.0325352,0	0.0031498	11	22
0: 10, 72, 67, 68, 

Sub Network Vessels:
arteries
7,0: -0.122642,0.021695,0	-0.054752,0.0108548,0	0.0031498	11	23
0: 10, 66, 73, 74, 

8,0: -0.122642,-0.021695,0	-0.054752,-0.0108548,0	0.0031498	12	24
0: 11, 84, 79, 80, 

8,1: -0.054752,-0.0108548,0	2.08167e-17,-0.00563757,0	0.0025	24	48
1: 78, 80, 81, 

Sub Network Vessels:
arteries
9,0: -0.122642,-0.021695,0	-0.054752,-0.0325352,0	0.0031498	12	25
0: 11, 78, 85, 86, 

Sub Network Vessels:
arteries
10,0: -0.122642,-0.0665271,0	-0.054752,-0.0556869,0	0.0031498	13	26
0: 12, 96, 91, 92, 

10,1: -0.054752,-0.0556869,0	2.08167e-17,-0.0504697,0	0.0025	26	52
1: 90, 92, 93, 

Sub Network Vessels:
arteries
13,0: -0.122642,-0.113171,0	-0.054752,-0.124011,0	0.0031498	14	29
0: 13, 102, 109, 110, 

13,1: -0.054752,-0.124011,0	2.08167e-17,-0.118794,0	0.0025	29	58
1: 108, 110, 111, 

13,2: -0.054752,-0.124011,0	2.08167e-17,-0.129228,0	0.0025	29	59
Sub Network Vessels:
arteries
15,0: -0.122642,-0.158003,0	-0.054752,-0.168843,0	0.0031498	15	31
0: 14, 114, 121, 122, 

15,1: -0.054752,-0.168843,0	2.08167e-17,-0.163626,0	0.0025	31	62
1: 120, 122, 123, 

0,0: -0.122642,0.158003,0	-0.054752,0.168843,0	0.0031498	8	16
0: 7, 36, 31, 32, 

0,1: -0.054752,0.168843,0	2.08167e-17,0.174061,0	0.0025	16	32
1: 30, 32, 33, 

0,2: -0.054752,0.168843,0	2.08167e-17,0.163626,0	0.0025	16	33
2: 30, 31, 34, 


Veins
0,3: -2.08167e-17,0.174061,0	0.054752,0.168843,0	0.0025	32	64
31: 35, 34, 31, 

Sub Network Vessels:
arteries
1,0: -0.122642,0.158003,0	-0.054752,0.147163,0	0.0031498	8	17
0: 7, 30, 37, 38, 

1,1: -0.054752,0.147163,0	2.08167e-17,0.15238,0	0.0025	17	34
1: 36, 38, 39, 

1,2: -0.054752,0.147163,0	2.08167e-17,0.141946,0	0.0025	17	35
2: 36, 37, 40, 


Veins
2,0: -0.122642,0.113171,0	-0.054752,0.124011,0	0.0031498	9	18
0: 8, 48, 43, 44, 

2,1: -0.054752,0.124011,0	2.08167e-17,0.129228,0	0.0025	18	36
1: 42, 44, 45, 

2,2: -0.054752,0.124011,0	2.08167e-17,0.118794,0	0.0025	18	37
2: 42, 43, 46, 


Veins
2,3: -2.08167e-17,0.129228,0	0.054752,0.124011,0	0.0025	36	66
3,0: -0.122642,0.113171,0	-0.054752,0.102331,0	0.0031498	9	19
0: 8, 42, 49, 50, 

3,1: -0.054752,0.102331,0	2.08167e-17,0.107548,0	0.0025	19	38
1: 48, 50, 51, 

3,2: -0.054752,0.102331,0	2.08167e-17,0.0971136,0	0.0025	19	39
2: 48, 49, 52, 


Veins
3,3: -2.08167e-17,0.107548,0	0.054752,0.102331,0	0.0025	38	67
31: 53, 52, 49, 

0: 9, 60, 55, 56, 

4,1: -0.054752,0.0773673,0	2.08167e-17,0.0825846,0	0.0025	20	40
1: 54, 56, 57, 

4,2: -0.054752,0.0773673,0	2.08167e-17,0.0721501,0	0.0025	20	41
2: 54, 55, 58, 


Veins
4,3: -2.08167e-17,0.0825846,0	0.054752,0.0773673,0	0.0025	40	68
31: 59, 58, 55, 

4,4: -2.08167e-17,0.0721501,0	0.054752,0.0773673,0	0.0025	41	68
32: 59, 57, 56, 

5,0: -0.122642,0.0665271,0	-0.054752,0.0556869,0	0.0031498	10	21
0: 9, 54, 61, 62, 

5,1: -0.054752,0.0556869,0	2.08167e-17,0.0609042,0	0.0025	21	42
1: 60, 62, 63, 

5,2: -0.054752,0.0556869,0	2.08167e-17,0.0504697,0	0.0025	21	43
2: 60, 61, 64, 


Veins
5,3: -2.08167e-17,0.0609042,0	0.054752,0.0556869,0	0.0025	42	69
31: 65, 64, 61, 

5,4: -2.08167e-17,0.0504697,0	0.054752,0.0556869,0	0.0025	43	69
6,1: -0.054752,0.0325352,0	2.08167e-17,0.0377524,0	0.0025	22	44
1: 66, 68, 69, 

6,2: -0.054752,0.0325352,0	2.08167e-17,0.027318,0	0.0025	22	45
2: 66, 67, 70, 


Veins
6,3: -2.08167e-17,0.0377524,0	0.054752,0.0325352,0	0.0025	44	70
31: 71, 70, 67, 

6,4: -2.08167e-17,0.027318,0	0.054752,0.0325352,0	0.0025	45	70
32: 71, 69, 68, 

7,1: -0.054752,0.0108548,0	2.08167e-17,0.0160721,0	0.0025	23	46
1: 72, 74, 75, 

7,2: -0.054752,0.0108548,0	2.08167e-17,0.00563757,0	0.0025	23	47
2: 72, 73, 76, 


Veins
7,3: -2.08167e-17,0.0160721,0	0.054752,0.0108548,0	0.0025	46	71
31: 77, 76, 73, 

7,4: -2.08167e-17,0.00563757,0	0.054752,0.0108548,0	0.0025	47	71
32: 77, 75, 74, 

7,5: 0.054752,0.0108548,0	0.122642,0.021695,0	0.0031498	71	83
8,2: -0.054752,-0.0108548,0	2.08167e-17,-0.0160721,0	0.0025	24	49
2: 78, 79, 82, 


Veins
8,3: -2.08167e-17,-0.00563757,0	0.054752,-0.0108548,0	0.0025	48	72
31: 83, 82, 79, 

8,4: -2.08167e-17,-0.0160721,0	0.054752,-0.0108548,0	0.0025	49	72
32: 83, 81, 80, 

8,5: 0.054752,-0.0108548,0	0.122642,-0.021695,0	0.0031498	72	84
33: 19, 89, 81, 82, 

9,1: -0.054752,-0.0325352,0	2.08167e-17,-0.027318,0	0.0025	25	50
1: 84, 86, 87, 

9,2: -0.054752,-0.0325352,0	2.08167e-17,-0.0377524,0	0.0025	25	51
2: 84, 85, 88, 


Veins
9,3: -2.08167e-17,-0.027318,0	0.054752,-0.0325352,0	0.0025	50	73
31: 89, 88, 85, 

9,4: -2.08167e-17,-0.0377524,0	0.054752,-0.0325352,0	0.0025	51	73
32: 89, 87, 86, 

9,5: 0.054752,-0.0325352,0	0.122642,-0.021695,0	0.0031498	73	84
10,2: -0.054752,-0.0556869,0	2.08167e-17,-0.0609042,0	0.0025	26	53
2: 90, 91, 94, 


Veins
10,3: -2.08167e-17,-0.0504697,0	0.054752,-0.0556869,0	0.0025	52	74
31: 95, 94, 91, 

10,4: -2.08167e-17,-0.0609042,0	0.054752,-0.0556869,0	0.0025	53	74
32: 95, 93, 92, 

10,5: 0.054752,-0.0556869,0	0.122642,-0.0665271,0	0.0031498	74	85
33: 20, 101, 93, 94, 

Sub Network Vessels:
arteries
11,0: -0.122642,-0.0665271,0	-0.054752,-0.0773673,0	0.0031498	13	27
0: 12, 90, 97, 98, 

11,1: -0.054752,-0.0773673,0	2.08167e-17,-0.0721501,0	0.0025	27	54
1: 96, 98, 99, 

11,2: -0.054752,-0.0773673,0	2.08167e-17,-0.0825846,0	0.0025	27	55
2: 96, 97, 100, 


Veins
11,3: -2.08167e-17,-0.0721501,0	0.054752,-0.0773673,0	0.0025	54	75
31: 101, 100, 97, 

11,4: -2.08167e-17,-0.0825846,0	0.054752,-0.0773673,0	0.0025	55	75
32: 101, 99, 98, 

11,5: 0.054752,-0.0773673,0	0.122642,-0.0665271,0	0.0031498	75	85
33: 20, 95, 99, 100, 

Sub Network Vessels:
arteries
12,0: -0.122642,-0.113171,0	-0.054752,-0.102331,0	0.0031498	14	28
0: 13, 108, 103, 104, 

12,1: -0.054752,-0.102331,0	2.08167e-17,-0.0971136,0	0.0025	28	56
1: 102, 104, 105, 

12,2: -0.054752,-0.102331,0	2.08167e-17,-0.107548,0	0.0025	28	57
2: 102, 103, 106, 


Veins
12,3: -2.08167e-17,-0.0971136,0	0.054752,-0.102331,0	0.0025	56	76
31: 107, 106, 103, 

12,4: -2.08167e-17,-0.107548,0	0.054752,-0.102331,0	0.0025	57	76
32: 107, 105, 104, 

12,5: 0.054752,-0.102331,0	0.122642,-0.113171,0	0.0031498	76	86
33: 21, 113, 105, 106, 

2: 108, 109, 112, 


Veins
13,3: -2.08167e-17,-0.118794,0	0.054752,-0.124011,0	0.0025	58	77
31: 113, 112, 109, 

13,4: -2.08167e-17,-0.129228,0	0.054752,-0.124011,0	0.0025	59	77
32: 113, 111, 110, 

13,5: 0.054752,-0.124011,0	0.122642,-0.113171,0	0.0031498	77	86
33: 21, 107, 111, 112, 

15,2: -0.054752,-0.168843,0	2.08167e-17,-0.174061,0	0.0025	31	63
2: 120, 121, 124, 


Veins
15,3: -2.08167e-17,-0.163626,0	0.054752,-0.168843,0	0.0025	62	79
31: 125, 124, 121, 

15,4: -2.08167e-17,-0.174061,0	0.054752,-0.168843,0	0.0025	63	79
32: 125, 123, 122, 

15,5: 0.054752,-0.168843,0	0.122642,-0.158003,0	0.0031498	79	87
33: 22, 119, 123, 124, 

0,4: -2.08167e-17,0.163626,0	0.054752,0.168843,0	0.0025	33	64
32: 35, 33, 32, 

0,5: 0.054752,0.168843,0	0.122642,0.158003,0	0.0031498	64	80
33: 15, 41, 33, 34, 

Time Excluding MPI Initialization and Finalize: 3.0164
1,3: -2.08167e-17,0.15238,0	0.054752,0.147163,0	0.0025	34	65
31: 41, 40, 37, 

1,4: -2.08167e-17,0.141946,0	0.054752,0.147163,0	0.0025	35	65
32: 41, 39, 38, 

1,5: 0.054752,0.147163,0	0.122642,0.158003,0	0.0031498	65	80
33: 15, 35, 39, 40, 

31: 47, 46, 43, 

2,4: -2.08167e-17,0.118794,0	0.054752,0.124011,0	0.0025	37	66
32: 47, 45, 44, 

2,5: 0.054752,0.124011,0	0.122642,0.113171,0	0.0031498	66	81
33: 16, 53, 45, 46, 

3,4: -2.08167e-17,0.0971136,0	0.054752,0.102331,0	0.0025	39	67
32: 53, 51, 50, 

3,5: 0.054752,0.102331,0	0.122642,0.113171,0	0.0031498	67	81
33: 16, 47, 51, 52, 

4,5: 0.054752,0.0773673,0	0.122642,0.0665271,0	0.0031498	68	82
33: 17, 65, 57, 58, 

32: 65, 63, 62, 

5,5: 0.054752,0.0556869,0	0.122642,0.0665271,0	0.0031498	69	82
33: 17, 59, 63, 64, 

6,5: 0.054752,0.0325352,0	0.122642,0.021695,0	0.0031498	70	83
33: 18, 77, 69, 70, 

33: 18, 71, 75, 76, 

33: 19, 83, 87, 88, 

Sub Network Vessels:
arteries
14,0: -0.122642,-0.158003,0	-0.054752,-0.147163,0	0.0031498	15	30
0: 14, 120, 115, 116, 

14,1: -0.054752,-0.147163,0	2.08167e-17,-0.141946,0	0.0025	30	60
1: 114, 116, 117, 

14,2: -0.054752,-0.147163,0	2.08167e-17,-0.15238,0	0.0025	30	61
2: 114, 115, 118, 


Veins
14,3: -2.08167e-17,-0.141946,0	0.054752,-0.147163,0	0.0025	60	78
31: 119, 118, 115, 

14,4: -2.08167e-17,-0.15238,0	0.054752,-0.147163,0	0.0025	61	78
32: 119, 117, 116, 

14,5: 0.054752,-0.147163,0	0.122642,-0.158003,0	0.0031498	78	87
33: 22, 125, 117, 118, 

Total Time: 3.38352
