running SimpleVesselGenerator on 4 ranks for 8 generations and 2 dimensions
srun -p medusa -n 4 --mpi=pmi2 /home/sshirzad/src/VascularModeling/Radiation_Modeling_Projects/build/Output/SimpleVesselGenerator 8 2 /work/sshirzad/repos/VascularModelingData/results/geometry_4_8_2
Calculated Root Levels: 3
Total Vessels in Network: 14
Vessels in Arrays: 7
Root Network Build Time: 0.000437762
Root Network Vessels
Arteries
Root Network Vessels
Arteries
Root Network Vessels
Arteries
Root Network Vessels
Arteries
0,0: -1.01491,0,0	-0.752653,0,0	0.0125992	0	1
1,0: -1.01491,0,0	-0.752653,0,0	0.0125992	0	1
0: 1, 2, 

2,0: -1.01491,0,0	-0.752653,0,0	0.0125992	0	1
0: 1, 2, 

3,0: -1.01491,0,0	-0.752653,0,0	0.0125992	0	1
0: 1, 2, 

0: 1, 2, 

0,1: -0.752653,0,0	-0.596735,0.140389,0	0.01	1	2
1,1: -0.752653,0,0	-0.596735,0.140389,0	0.01	1	2
1: 0, 2, 6, 132, 

2,1: -0.752653,0,0	-0.596735,0.140389,0	0.01	1	2
1: 0, 2, 6, 132, 

3,1: -0.752653,0,0	-0.596735,0.140389,0	0.01	1	2
1: 0, 2, 6, 132, 

1: 0, 2, 6, 132, 

1,2: -0.752653,0,0	-0.596735,-0.140389,0	0.01	1	3
2,2: -0.752653,0,0	-0.596735,-0.140389,0	0.01	1	3
2: 0, 1, 258, 384, 


Veins
3,2: -0.752653,0,0	-0.596735,-0.140389,0	0.01	1	3
2: 0, 1, 258, 384, 


Veins
0,2: -0.752653,0,0	-0.596735,-0.140389,0	0.01	1	3
2: 0, 1, 258, 384, 


Veins
2: 0, 1, 258, 384, 


Veins
2,4: 0.596735,0.140389,0	0.752653,0,0	0.01	380	382
3,4: 0.596735,0.140389,0	0.752653,0,0	0.01	380	382
0,4: 0.596735,0.140389,0	0.752653,0,0	0.01	380	382
131: 5, 4, 131, 257, 
1,4: 0.596735,0.140389,0	0.752653,0,0	0.01	380	382
131: 5, 4, 131, 257, 

131: 5, 4, 131, 257, 

131: 5, 4, 131, 257, 


0,5: 0.596735,-0.140389,0	0.752653,0,0	0.01	381	382
1,5: 0.596735,-0.140389,0	0.752653,0,0	0.01	381	382
2,5: 0.596735,-0.140389,0	0.752653,0,0	0.01	381	382
132: 5, 3, 383, 509, 

3,5: 0.596735,-0.140389,0	0.752653,0,0	0.01	381	382
132: 5, 3, 383, 509, 

132: 5, 3, 383, 509, 

132: 5, 3, 383, 509, 

1,6: 0.752653,0,0	1.01491,0,0	0.0125992	382	383
2,6: 0.752653,0,0	1.01491,0,0	0.0125992	382	383
133: 3, 4, 

3,6: 0.752653,0,0	1.01491,0,0	0.0125992	382	383
133: 3, 4, 

0,6: 0.752653,0,0	1.01491,0,0	0.0125992	382	383
133: 3, 4, 

133: 3, 4, 

Root Network Export time: 0.0142612
Sub Network build time time: 0.395582
Write Geom Data to File 
Geom Vector conversion time 0.0939533
Write Geom Data time: 0.504034
Create num Connected Vessels 
time: 3.78594e-06
Create Connected Vessels Array
time: 4.49503e-06
Write Connected Vessels data
time: 0.00222724
Sub Network Export time: 0.506764
Sub Network Vessels:
arteries
Sub Network Vessels:
arteries
0,0: -0.596735,0.140389,0	-0.444863,0.211855,0	0.00793701	2	4
0: 1, 132, 7, 8, 

0,1: -0.444863,0.211855,0	-0.315234,0.24688,0	0.00629961	4	8
2,0: -0.596735,-0.140389,0	-0.444863,-0.0689235,0	0.00793701	3	6
0: 2, 384, 259, 260, 

1: 6, 8, 9, 10, 

Sub Network Vessels:
arteries
0,2: -0.444863,0.211855,0	-0.315234,0.17683,0	0.00629961	4	9
2,1: -0.444863,-0.0689235,0	-0.315234,-0.0338984,0	0.00629961	6	192
1: 258, 260, 261, 262, 

3,0: -0.596735,-0.140389,0	-0.444863,-0.211855,0	0.00793701	3	7
0: 2, 258, 385, 386, 
2: 6, 7, 11, 12, 

Sub Network Vessels:
arteries
2,2: -0.444863,-0.0689235,0	-0.315234,-0.103949,0	0.00629961	6	193
2: 258, 259, 263, 264, 


3,1: -0.444863,-0.211855,0	-0.315234,-0.17683,0	0.00629961	7	284
0,3: -0.315234,0.24688,0	-0.209156,0.263818,0	0.005	8	10
3: 7, 10, 13, 14, 

1,0: -0.596735,0.140389,0	-0.444863,0.0689235,0	0.00793701	2	5
2,3: -0.315234,-0.0338984,0	-0.209156,-0.0169606,0	0.005	192	194
3: 259, 262, 265, 266, 

1: 384, 386, 387, 388, 

3,2: -0.444863,-0.211855,0	-0.315234,-0.24688,0	0.00629961	7	285
0,4: -0.315234,0.24688,0	-0.209156,0.229942,0	0.005	8	11
4: 7, 9, 15, 16, 

0: 1, 6, 133, 134, 

1,1: -0.444863,0.0689235,0	-0.315234,0.103949,0	0.00629961	5	100
2,4: -0.315234,-0.0338984,0	-0.209156,-0.0508362,0	0.005	192	195
4: 259, 261, 267, 268, 

2: 384, 385, 389, 390, 

3,3: -0.315234,-0.17683,0	-0.209156,-0.159892,0	0.005	284	286
0,5: -0.315234,0.17683,0	-0.209156,0.193768,0	0.005	9	12
5: 8, 12, 17, 18, 

1: 132, 134, 135, 136, 

1,2: -0.444863,0.0689235,0	-0.315234,0.0338984,0	0.00629961	5	101
2,5: -0.315234,-0.103949,0	-0.209156,-0.0870109,0	0.005	193	196
5: 260, 264, 269, 270, 

3: 385, 388, 391, 392, 

3,4: -0.315234,-0.17683,0	-0.209156,-0.193768,0	0.005	284	287
0,6: -0.315234,0.17683,0	-0.209156,0.159892,0	0.005	9	13
6: 8, 11, 19, 20, 

2: 132, 133, 137, 138, 

1,3: -0.315234,0.103949,0	-0.209156,0.120886,0	0.005	100	102
2,6: -0.315234,-0.103949,0	-0.209156,-0.120886,0	0.005	193	197
4: 385, 387, 393, 394, 

3,5: -0.315234,-0.24688,0	-0.209156,-0.229942,0	0.005	285	288
0,7: -0.209156,0.263818,0	-0.123606,0.27197,0	0.0039685	10	14
7: 9, 14, 21, 22, 

3: 133, 136, 139, 140, 

6: 260, 263, 271, 272, 

2,7: -0.209156,-0.0169606,0	-0.123606,-0.00880871,0	0.0039685	194	198
5: 386, 390, 395, 396, 

0,8: -0.209156,0.263818,0	-0.123606,0.255666,0	0.0039685	10	15
8: 9, 13, 23, 24, 

1,4: -0.315234,0.103949,0	-0.209156,0.0870109,0	0.005	100	103
4: 133, 135, 141, 142, 

7: 261, 266, 273, 274, 

2,8: -0.209156,-0.0169606,0	-0.123606,-0.0251126,0	0.0039685	194	199
3,6: -0.315234,-0.24688,0	-0.209156,-0.263818,0	0.005	285	289
6: 386, 389, 397, 398, 

0,9: -0.209156,0.229942,0	-0.123606,0.238094,0	0.0039685	11	16
9: 10, 16, 25, 26, 

1,5: -0.315234,0.0338984,0	-0.209156,0.0508362,0	0.005	101	104
5: 134, 138, 143, 144, 

8: 261, 265, 275, 276, 

2,9: -0.209156,-0.0508362,0	-0.123606,-0.0426843,0	0.0039685	195	200
9: 262, 268, 277, 278, 

3,7: -0.209156,-0.159892,0	-0.123606,-0.15174,0	0.0039685	286	290
7: 387, 392, 399, 400, 

3,8: -0.209156,-0.159892,0	-0.123606,-0.168044,0	0.0039685	286	291
0,10: -0.209156,0.229942,0	-0.123606,0.22179,0	0.0039685	11	17
10: 10, 15, 27, 28, 

1,6: -0.315234,0.0338984,0	-0.209156,0.0169606,0	0.005	101	105
6: 134, 137, 145, 146, 

1,7: -0.209156,0.120886,0	-0.123606,0.129038,0	0.0039685	102	106
2,10: -0.209156,-0.0508362,0	-0.123606,-0.0589882,0	0.0039685	195	201
10: 262, 267, 279, 280, 

8: 387, 391, 401, 402, 

3,9: -0.209156,-0.193768,0	-0.123606,-0.185616,0	0.0039685	287	292
0,11: -0.209156,0.193768,0	-0.123606,0.201919,0	0.0039685	12	18
11: 11, 18, 29, 30, 

7: 135, 140, 147, 148, 

2,11: -0.209156,-0.0870109,0	-0.123606,-0.0788589,0	0.0039685	196	202
11: 263, 270, 281, 282, 

9: 388, 394, 403, 404, 

3,10: -0.209156,-0.193768,0	-0.123606,-0.201919,0	0.0039685	287	293
0,12: -0.209156,0.193768,0	-0.123606,0.185616,0	0.0039685	12	19
12: 11, 17, 31, 32, 

1,8: -0.209156,0.120886,0	-0.123606,0.112735,0	0.0039685	102	107
8: 135, 139, 149, 150, 

2,12: -0.209156,-0.0870109,0	-0.123606,-0.0951628,0	0.0039685	196	203
12: 263, 269, 283, 284, 

10: 388, 393, 405, 406, 

3,11: -0.209156,-0.229942,0	-0.123606,-0.22179,0	0.0039685	288	294
0,13: -0.209156,0.159892,0	-0.123606,0.168044,0	0.0039685	13	20
13: 12, 20, 33, 34, 

1,9: -0.209156,0.0870109,0	-0.123606,0.0951628,0	0.0039685	103	108
9: 136, 142, 151, 152, 

2,13: -0.209156,-0.120886,0	-0.123606,-0.112735,0	0.0039685	197	204
13: 264, 272, 285, 286, 

11: 389, 396, 407, 408, 

3,12: -0.209156,-0.229942,0	-0.123606,-0.238094,0	0.0039685	288	295
0,14: -0.209156,0.159892,0	-0.123606,0.15174,0	0.0039685	13	21
14: 12, 19, 35, 36, 

1,10: -0.209156,0.0870109,0	-0.123606,0.0788589,0	0.0039685	103	109
10: 136, 141, 153, 154, 

2,14: -0.209156,-0.120886,0	-0.123606,-0.129038,0	0.0039685	197	205
14: 264, 271, 287, 288, 

12: 389, 395, 409, 410, 

3,13: -0.209156,-0.263818,0	-0.123606,-0.255666,0	0.0039685	289	296
0,15: -0.123606,0.27197,0	-0.0549678,0.275886,0	0.0031498	14	22
15: 13, 22, 37, 38, 

1,11: -0.209156,0.0508362,0	-0.123606,0.0589882,0	0.0039685	104	110
11: 137, 144, 155, 156, 

2,15: -0.123606,-0.00880871,0	-0.0549678,-0.00489201,0	0.0031498	198	206
15: 265, 274, 289, 290, 

13: 390, 398, 411, 412, 

3,14: -0.209156,-0.263818,0	-0.123606,-0.27197,0	0.0039685	289	297
14: 390, 397, 413, 414, 

0,16: -0.123606,0.27197,0	-0.0549678,0.268053,0	0.0031498	14	23
16: 13, 21, 39, 40, 

1,12: -0.209156,0.0508362,0	-0.123606,0.0426843,0	0.0039685	104	111
12: 137, 143, 157, 158, 

1,13: -0.209156,0.0169606,0	-0.123606,0.0251126,0	0.0039685	105	112
2,16: -0.123606,-0.00880871,0	-0.0549678,-0.0127254,0	0.0031498	198	207
16: 265, 273, 291, 292, 

3,15: -0.123606,-0.15174,0	-0.0549678,-0.147823,0	0.0031498	290	298
15: 391, 400, 415, 416, 

0,17: -0.123606,0.255666,0	-0.0549678,0.259582,0	0.0031498	15	24
17: 14, 24, 41, 42, 

0,18: -0.123606,0.255666,0	-0.0549678,0.251749,0	0.0031498	15	25
13: 138, 146, 159, 160, 

1,14: -0.209156,0.0169606,0	-0.123606,0.00880871,0	0.0039685	105	113
2,17: -0.123606,-0.0251126,0	-0.0549678,-0.0211959,0	0.0031498	199	208
17: 266, 276, 293, 294, 

3,16: -0.123606,-0.15174,0	-0.0549678,-0.155657,0	0.0031498	290	299
16: 391, 399, 417, 418, 

18: 14, 23, 43, 44, 

0,19: -0.123606,0.238094,0	-0.0549678,0.242011,0	0.0031498	16	26
14: 138, 145, 161, 162, 

2,18: -0.123606,-0.0251126,0	-0.0549678,-0.0290293,0	0.0031498	199	209
18: 266, 275, 295, 296, 

3,17: -0.123606,-0.168044,0	-0.0549678,-0.164127,0	0.0031498	291	300
17: 392, 402, 419, 420, 

19: 15, 26, 45, 46, 

0,20: -0.123606,0.238094,0	-0.0549678,0.234177,0	0.0031498	16	27
1,15: -0.123606,0.129038,0	-0.0549678,0.132955,0	0.0031498	106	114
15: 139, 148, 163, 164, 

1,16: -0.123606,0.129038,0	-0.0549678,0.125122,0	0.0031498	106	115
2,19: -0.123606,-0.0426843,0	-0.0549678,-0.0387676,0	0.0031498	200	210
19: 267, 278, 297, 298, 

3,18: -0.123606,-0.168044,0	-0.0549678,-0.171961,0	0.0031498	291	301
20: 15, 25, 47, 48, 

16: 139, 147, 165, 166, 

2,20: -0.123606,-0.0426843,0	-0.0549678,-0.046601,0	0.0031498	200	211
20: 267, 277, 299, 300, 

18: 392, 401, 421, 422, 

3,19: -0.123606,-0.185616,0	-0.0549678,-0.181699,0	0.0031498	292	302
19: 393, 404, 423, 424, 

0,21: -0.123606,0.22179,0	-0.0549678,0.225707,0	0.0031498	17	28
21: 16, 28, 49, 50, 

0,22: -0.123606,0.22179,0	-0.0549678,0.217873,0	0.0031498	17	29
22: 16, 27, 51, 52, 
1,17: -0.123606,0.112735,0	-0.0549678,0.116651,0	0.0031498	107	116
17: 140, 150, 167, 168, 

1,18: -0.123606,0.112735,0	-0.0549678,0.108818,0	0.0031498	107	117
18: 140, 149, 169, 170, 

2,21: -0.123606,-0.0589882,0	-0.0549678,-0.0550715,0	0.0031498	201	212
21: 268, 280, 301, 302, 

3,20: -0.123606,-0.185616,0	-0.0549678,-0.189532,0	0.0031498	292	303
20: 393, 403, 425, 426, 

3,21: -0.123606,-0.201919,0	-0.0549678,-0.198003,0	0.0031498	293	304

0,23: -0.123606,0.201919,0	-0.0549678,0.205836,0	0.0031498	18	30
23: 17, 30, 53, 54, 

1,19: -0.123606,0.0951628,0	-0.0549678,0.0990795,0	0.0031498	108	118
19: 141, 152, 171, 172, 

2,22: -0.123606,-0.0589882,0	-0.0549678,-0.0629049,0	0.0031498	201	213
22: 268, 279, 303, 304, 

2,23: -0.123606,-0.0788589,0	-0.0549678,-0.0749422,0	0.0031498	202	214
23: 269, 282, 305, 306, 

21: 394, 406, 427, 428, 

3,22: -0.123606,-0.201919,0	-0.0549678,-0.205836,0	0.0031498	293	305
22: 394, 405, 429, 430, 

0,24: -0.123606,0.201919,0	-0.0549678,0.198003,0	0.0031498	18	31
24: 17, 29, 55, 56, 

0,25: -0.123606,0.185616,0	-0.0549678,0.189532,0	0.0031498	19	32
25: 18, 32, 57, 58, 

1,20: -0.123606,0.0951628,0	-0.0549678,0.0912461,0	0.0031498	108	119
20: 141, 151, 173, 174, 

1,21: -0.123606,0.0788589,0	-0.0549678,0.0827756,0	0.0031498	109	120
21: 142, 154, 175, 176, 

2,24: -0.123606,-0.0788589,0	-0.0549678,-0.0827756,0	0.0031498	202	215
24: 269, 281, 307, 308, 

2,25: -0.123606,-0.0951628,0	-0.0549678,-0.0912461,0	0.0031498	203	216
25: 270, 284, 309, 310, 

3,23: -0.123606,-0.22179,0	-0.0549678,-0.217873,0	0.0031498	294	306
23: 395, 408, 431, 432, 

3,24: -0.123606,-0.22179,0	-0.0549678,-0.225707,0	0.0031498	294	307
24: 395, 407, 433, 434, 

0,26: -0.123606,0.185616,0	-0.0549678,0.181699,0	0.0031498	19	33
26: 18, 31, 59, 60, 

0,27: -0.123606,0.168044,0	-0.0549678,0.171961,0	0.0031498	20	34
27: 19, 34, 61, 62, 

1,22: -0.123606,0.0788589,0	-0.0549678,0.0749422,0	0.0031498	109	121
22: 142, 153, 177, 178, 

1,23: -0.123606,0.0589882,0	-0.0549678,0.0629049,0	0.0031498	110	122
23: 143, 156, 179, 180, 

2,26: -0.123606,-0.0951628,0	-0.0549678,-0.0990795,0	0.0031498	203	217
26: 270, 283, 311, 312, 

2,27: -0.123606,-0.112735,0	-0.0549678,-0.108818,0	0.0031498	204	218
3,25: -0.123606,-0.238094,0	-0.0549678,-0.234177,0	0.0031498	295	308
25: 396, 410, 435, 436, 

3,26: -0.123606,-0.238094,0	-0.0549678,-0.242011,0	0.0031498	295	309
0,28: -0.123606,0.168044,0	-0.0549678,0.164127,0	0.0031498	20	35
28: 19, 33, 63, 64, 

1,24: -0.123606,0.0589882,0	-0.0549678,0.0550715,0	0.0031498	110	123
24: 143, 155, 181, 182, 

27: 271, 286, 313, 314, 

2,28: -0.123606,-0.112735,0	-0.0549678,-0.116651,0	0.0031498	204	219
28: 271, 285, 315, 316, 

26: 396, 409, 437, 438, 

3,27: -0.123606,-0.255666,0	-0.0549678,-0.251749,0	0.0031498	296	310
27: 397, 412, 439, 440, 

0,29: -0.123606,0.15174,0	-0.0549678,0.155657,0	0.0031498	21	36
29: 20, 36, 65, 66, 

0,30: -0.123606,0.15174,0	-0.0549678,0.147823,0	0.0031498	21	37
30: 20, 35, 67, 68, 

1,25: -0.123606,0.0426843,0	-0.0549678,0.046601,0	0.0031498	111	124
25: 144, 158, 183, 184, 

1,26: -0.123606,0.0426843,0	-0.0549678,0.0387676,0	0.0031498	111	125
26: 144, 157, 185, 186, 

2,29: -0.123606,-0.129038,0	-0.0549678,-0.125122,0	0.0031498	205	220
29: 272, 288, 317, 318, 

2,30: -0.123606,-0.129038,0	-0.0549678,-0.132955,0	0.0031498	205	221
30: 272, 287, 319, 320, 

3,28: -0.123606,-0.255666,0	-0.0549678,-0.259582,0	0.0031498	296	311
28: 397, 411, 441, 442, 

3,29: -0.123606,-0.27197,0	-0.0549678,-0.268053,0	0.0031498	297	312
29: 398, 414, 443, 444, 

0,31: -0.0549678,0.275886,0	-5.55112e-17,0.277767,0	0.0025	22	38
31: 21, 38, 69, 

0,32: -0.0549678,0.275886,0	-5.55112e-17,0.274006,0	0.0025	22	39
32: 21, 37, 70, 

1,27: -0.123606,0.0251126,0	-0.0549678,0.0290293,0	0.0031498	112	126
27: 145, 160, 187, 188, 

1,28: -0.123606,0.0251126,0	-0.0549678,0.0211959,0	0.0031498	112	127
28: 145, 159, 189, 190, 

2,31: -0.0549678,-0.00489201,0	-5.55112e-17,-0.00301134,0	0.0025	206	222
31: 273, 290, 321, 

2,32: -0.0549678,-0.00489201,0	-5.55112e-17,-0.00677267,0	0.0025	206	223
3,30: -0.123606,-0.27197,0	-0.0549678,-0.275886,0	0.0031498	297	313
30: 398, 413, 445, 446, 

3,31: -0.0549678,-0.147823,0	-5.55112e-17,-0.145943,0	0.0025	298	314
0,33: -0.0549678,0.268053,0	-5.55112e-17,0.269934,0	0.0025	23	40
33: 22, 40, 71, 

0,34: -0.0549678,0.268053,0	-5.55112e-17,0.266172,0	0.0025	23	41
1,29: -0.123606,0.00880871,0	-0.0549678,0.0127254,0	0.0031498	113	128
29: 146, 162, 191, 192, 

32: 273, 289, 322, 

2,33: -0.0549678,-0.0127254,0	-5.55112e-17,-0.0108447,0	0.0025	207	224
33: 274, 292, 323, 

31: 399, 416, 447, 

3,32: -0.0549678,-0.147823,0	-5.55112e-17,-0.149704,0	0.0025	298	315
32: 399, 415, 448, 

34: 22, 39, 72, 

0,35: -0.0549678,0.259582,0	-5.55112e-17,0.261463,0	0.0025	24	42
35: 23, 42, 73, 

1,30: -0.123606,0.00880871,0	-0.0549678,0.00489201,0	0.0031498	113	129
30: 146, 161, 193, 194, 

1,31: -0.0549678,0.132955,0	-5.55112e-17,0.134836,0	0.0025	114	130
31: 147, 164, 195, 

2,34: -0.0549678,-0.0127254,0	-5.55112e-17,-0.0146061,0	0.0025	207	225
34: 274, 291, 324, 

2,35: -0.0549678,-0.0211959,0	-5.55112e-17,-0.0193152,0	0.0025	208	226
35: 275, 294, 325, 

3,33: -0.0549678,-0.155657,0	-5.55112e-17,-0.153776,0	0.0025	299	316
33: 400, 418, 449, 

3,34: -0.0549678,-0.155657,0	-5.55112e-17,-0.157537,0	0.0025	299	317
34: 400, 417, 450, 

0,36: -0.0549678,0.259582,0	-5.55112e-17,0.257702,0	0.0025	24	43
36: 23, 41, 74, 

0,37: -0.0549678,0.251749,0	-5.55112e-17,0.25363,0	0.0025	25	44
37: 24, 44, 75, 

0,38: -0.0549678,0.251749,0	-5.55112e-17,0.249868,0	0.0025	25	45
1,32: -0.0549678,0.132955,0	-5.55112e-17,0.131074,0	0.0025	114	131
32: 147, 163, 196, 

1,33: -0.0549678,0.125122,0	-5.55112e-17,0.127002,0	0.0025	115	132
33: 148, 166, 197, 

2,36: -0.0549678,-0.0211959,0	-5.55112e-17,-0.0230766,0	0.0025	208	227
36: 275, 293, 326, 

2,37: -0.0549678,-0.0290293,0	-5.55112e-17,-0.0271486,0	0.0025	209	228
37: 276, 296, 327, 

3,35: -0.0549678,-0.164127,0	-5.55112e-17,-0.162246,0	0.0025	300	318
35: 401, 420, 451, 

3,36: -0.0549678,-0.164127,0	-5.55112e-17,-0.166008,0	0.0025	300	319
36: 401, 419, 452, 

3,37: -0.0549678,-0.171961,0	-5.55112e-17,-0.17008,0	0.0025	301	320
38: 24, 43, 76, 

0,39: -0.0549678,0.242011,0	-5.55112e-17,0.243891,0	0.0025	26	46
39: 25, 46, 77, 

0,40: -0.0549678,0.242011,0	-5.55112e-17,0.24013,0	0.0025	26	47
1,34: -0.0549678,0.125122,0	-5.55112e-17,0.123241,0	0.0025	115	133
34: 148, 165, 198, 

1,35: -0.0549678,0.116651,0	-5.55112e-17,0.118532,0	0.0025	116	134
35: 149, 168, 199, 

2,38: -0.0549678,-0.0290293,0	-5.55112e-17,-0.03091,0	0.0025	209	229
38: 276, 295, 328, 

2,39: -0.0549678,-0.0387676,0	-5.55112e-17,-0.0368869,0	0.0025	210	230
39: 277, 298, 329, 

37: 402, 422, 453, 

3,38: -0.0549678,-0.171961,0	-5.55112e-17,-0.173841,0	0.0025	301	321
38: 402, 421, 454, 

3,39: -0.0549678,-0.181699,0	-5.55112e-17,-0.179818,0	0.0025	302	322
40: 25, 45, 78, 

0,41: -0.0549678,0.234177,0	-5.55112e-17,0.236058,0	0.0025	27	48
41: 26, 48, 79, 

0,42: -0.0549678,0.234177,0	-5.55112e-17,0.232297,0	0.0025	27	49
1,36: -0.0549678,0.116651,0	-5.55112e-17,0.114771,0	0.0025	116	135
36: 149, 167, 200, 

1,37: -0.0549678,0.108818,0	-5.55112e-17,0.110698,0	0.0025	117	136
37: 150, 170, 201, 

2,40: -0.0549678,-0.0387676,0	-5.55112e-17,-0.0406483,0	0.0025	210	231
40: 277, 297, 330, 

2,41: -0.0549678,-0.046601,0	-5.55112e-17,-0.0447203,0	0.0025	211	232
41: 278, 300, 331, 

39: 403, 424, 455, 

3,40: -0.0549678,-0.181699,0	-5.55112e-17,-0.18358,0	0.0025	302	323
40: 403, 423, 456, 

3,41: -0.0549678,-0.189532,0	-5.55112e-17,-0.187652,0	0.0025	303	324
42: 26, 47, 80, 

0,43: -0.0549678,0.225707,0	-5.55112e-17,0.227588,0	0.0025	28	50
43: 27, 50, 81, 

0,44: -0.0549678,0.225707,0	-5.55112e-17,0.223826,0	0.0025	28	51
1,38: -0.0549678,0.108818,0	-5.55112e-17,0.106937,0	0.0025	117	137
38: 150, 169, 202, 

1,39: -0.0549678,0.0990795,0	-5.55112e-17,0.10096,0	0.0025	118	138
39: 151, 172, 203, 

2,42: -0.0549678,-0.046601,0	-5.55112e-17,-0.0484817,0	0.0025	211	233
42: 278, 299, 332, 

2,43: -0.0549678,-0.0550715,0	-5.55112e-17,-0.0531908,0	0.0025	212	234
43: 279, 302, 333, 

41: 404, 426, 457, 

3,42: -0.0549678,-0.189532,0	-5.55112e-17,-0.191413,0	0.0025	303	325
42: 404, 425, 458, 

44: 27, 49, 82, 

0,45: -0.0549678,0.217873,0	-5.55112e-17,0.219754,0	0.0025	29	52
45: 28, 52, 83, 

0,46: -0.0549678,0.217873,0	-5.55112e-17,0.215993,0	0.0025	29	53
1,40: -0.0549678,0.0990795,0	-5.55112e-17,0.0971988,0	0.0025	118	139
40: 151, 171, 204, 

1,41: -0.0549678,0.0912461,0	-5.55112e-17,0.0931268,0	0.0025	119	140
41: 152, 174, 205, 

2,44: -0.0549678,-0.0550715,0	-5.55112e-17,-0.0569521,0	0.0025	212	235
44: 279, 301, 334, 

2,45: -0.0549678,-0.0629049,0	-5.55112e-17,-0.0610242,0	0.0025	213	236
45: 280, 304, 335, 

3,43: -0.0549678,-0.198003,0	-5.55112e-17,-0.196122,0	0.0025	304	326
43: 405, 428, 459, 

3,44: -0.0549678,-0.198003,0	-5.55112e-17,-0.199883,0	0.0025	304	327
44: 405, 427, 460, 

46: 28, 51, 84, 

0,47: -0.0549678,0.205836,0	-5.55112e-17,0.207717,0	0.0025	30	54
47: 29, 54, 85, 

1,42: -0.0549678,0.0912461,0	-5.55112e-17,0.0893654,0	0.0025	119	141
42: 152, 173, 206, 

1,43: -0.0549678,0.0827756,0	-5.55112e-17,0.0846563,0	0.0025	120	142
2,46: -0.0549678,-0.0629049,0	-5.55112e-17,-0.0647855,0	0.0025	213	237
46: 280, 303, 336, 

2,47: -0.0549678,-0.0749422,0	-5.55112e-17,-0.0730615,0	0.0025	214	238
3,45: -0.0549678,-0.205836,0	-5.55112e-17,-0.203955,0	0.0025	305	328
45: 406, 430, 461, 

3,46: -0.0549678,-0.205836,0	-5.55112e-17,-0.207717,0	0.0025	305	329
0,48: -0.0549678,0.205836,0	-5.55112e-17,0.203955,0	0.0025	30	55
48: 29, 53, 86, 

0,49: -0.0549678,0.198003,0	-5.55112e-17,0.199883,0	0.0025	31	56
49: 30, 56, 87, 

43: 153, 176, 207, 

1,44: -0.0549678,0.0827756,0	-5.55112e-17,0.0808949,0	0.0025	120	143
44: 153, 175, 208, 

47: 281, 306, 337, 

2,48: -0.0549678,-0.0749422,0	-5.55112e-17,-0.0768229,0	0.0025	214	239
48: 281, 305, 338, 

46: 406, 429, 462, 

3,47: -0.0549678,-0.217873,0	-5.55112e-17,-0.215993,0	0.0025	306	330
47: 407, 432, 463, 

0,50: -0.0549678,0.198003,0	-5.55112e-17,0.196122,0	0.0025	31	57
50: 30, 55, 88, 

1,45: -0.0549678,0.0749422,0	-5.55112e-17,0.0768229,0	0.0025	121	144
45: 154, 178, 209, 

1,46: -0.0549678,0.0749422,0	-5.55112e-17,0.0730615,0	0.0025	121	145
46: 154, 177, 210, 

2,49: -0.0549678,-0.0827756,0	-5.55112e-17,-0.0808949,0	0.0025	215	240
49: 282, 308, 339, 

2,50: -0.0549678,-0.0827756,0	-5.55112e-17,-0.0846563,0	0.0025	215	241
50: 282, 307, 340, 

3,48: -0.0549678,-0.217873,0	-5.55112e-17,-0.219754,0	0.0025	306	331
48: 407, 431, 464, 

3,49: -0.0549678,-0.225707,0	-5.55112e-17,-0.223826,0	0.0025	307	332
49: 408, 434, 465, 

0,51: -0.0549678,0.189532,0	-5.55112e-17,0.191413,0	0.0025	32	58
51: 31, 58, 89, 

0,52: -0.0549678,0.189532,0	-5.55112e-17,0.187652,0	0.0025	32	59
52: 31, 57, 90, 

1,47: -0.0549678,0.0629049,0	-5.55112e-17,0.0647855,0	0.0025	122	146
47: 155, 180, 211, 

1,48: -0.0549678,0.0629049,0	-5.55112e-17,0.0610242,0	0.0025	122	147
2,51: -0.0549678,-0.0912461,0	-5.55112e-17,-0.0893654,0	0.0025	216	242
51: 283, 310, 341, 

2,52: -0.0549678,-0.0912461,0	-5.55112e-17,-0.0931268,0	0.0025	216	243
3,50: -0.0549678,-0.225707,0	-5.55112e-17,-0.227588,0	0.0025	307	333
50: 408, 433, 466, 

3,51: -0.0549678,-0.234177,0	-5.55112e-17,-0.232297,0	0.0025	308	334
51: 409, 436, 467, 

0,53: -0.0549678,0.181699,0	-5.55112e-17,0.18358,0	0.0025	33	60
53: 32, 60, 91, 

0,54: -0.0549678,0.181699,0	-5.55112e-17,0.179818,0	0.0025	33	61
54: 32, 59, 92, 

48: 155, 179, 212, 

1,49: -0.0549678,0.0550715,0	-5.55112e-17,0.0569521,0	0.0025	123	148
49: 156, 182, 213, 

52: 283, 309, 342, 

2,53: -0.0549678,-0.0990795,0	-5.55112e-17,-0.0971988,0	0.0025	217	244
53: 284, 312, 343, 

3,52: -0.0549678,-0.234177,0	-5.55112e-17,-0.236058,0	0.0025	308	335
52: 409, 435, 468, 

0,55: -0.0549678,0.171961,0	-5.55112e-17,0.173841,0	0.0025	34	62
55: 33, 62, 93, 

1,50: -0.0549678,0.0550715,0	-5.55112e-17,0.0531908,0	0.0025	123	149
50: 156, 181, 214, 

1,51: -0.0549678,0.046601,0	-5.55112e-17,0.0484817,0	0.0025	124	150
51: 157, 184, 215, 

2,54: -0.0549678,-0.0990795,0	-5.55112e-17,-0.10096,0	0.0025	217	245
54: 284, 311, 344, 

2,55: -0.0549678,-0.108818,0	-5.55112e-17,-0.106937,0	0.0025	218	246
55: 285, 314, 345, 

3,53: -0.0549678,-0.242011,0	-5.55112e-17,-0.24013,0	0.0025	309	336
53: 410, 438, 469, 

3,54: -0.0549678,-0.242011,0	-5.55112e-17,-0.243891,0	0.0025	309	337
54: 410, 437, 470, 

0,56: -0.0549678,0.171961,0	-5.55112e-17,0.17008,0	0.0025	34	63
56: 33, 61, 94, 

0,57: -0.0549678,0.164127,0	-5.55112e-17,0.166008,0	0.0025	35	64
57: 34, 64, 95, 

1,52: -0.0549678,0.046601,0	-5.55112e-17,0.0447203,0	0.0025	124	151
52: 157, 183, 216, 

1,53: -0.0549678,0.0387676,0	-5.55112e-17,0.0406483,0	0.0025	125	152
53: 158, 186, 217, 

2,56: -0.0549678,-0.108818,0	-5.55112e-17,-0.110698,0	0.0025	218	247
56: 285, 313, 346, 

2,57: -0.0549678,-0.116651,0	-5.55112e-17,-0.114771,0	0.0025	219	248
57: 286, 316, 347, 

3,55: -0.0549678,-0.251749,0	-5.55112e-17,-0.249868,0	0.0025	310	338
55: 411, 440, 471, 

3,56: -0.0549678,-0.251749,0	-5.55112e-17,-0.25363,0	0.0025	310	339
56: 411, 439, 472, 

0,58: -0.0549678,0.164127,0	-5.55112e-17,0.162246,0	0.0025	35	65
58: 34, 63, 96, 

0,59: -0.0549678,0.155657,0	-5.55112e-17,0.157537,0	0.0025	36	66
59: 35, 66, 97, 

1,54: -0.0549678,0.0387676,0	-5.55112e-17,0.0368869,0	0.0025	125	153
54: 158, 185, 218, 

1,55: -0.0549678,0.0290293,0	-5.55112e-17,0.03091,0	0.0025	126	154
2,58: -0.0549678,-0.116651,0	-5.55112e-17,-0.118532,0	0.0025	219	249
58: 286, 315, 348, 

2,59: -0.0549678,-0.125122,0	-5.55112e-17,-0.123241,0	0.0025	220	250
59: 287, 318, 349, 

3,57: -0.0549678,-0.259582,0	-5.55112e-17,-0.257702,0	0.0025	311	340
57: 412, 442, 473, 

3,58: -0.0549678,-0.259582,0	-5.55112e-17,-0.261463,0	0.0025	311	341
58: 412, 441, 474, 

0,60: -0.0549678,0.155657,0	-5.55112e-17,0.153776,0	0.0025	36	67
60: 35, 65, 98, 

0,61: -0.0549678,0.147823,0	-5.55112e-17,0.149704,0	0.0025	37	68
61: 36, 68, 99, 

0,62: -0.0549678,0.147823,0	-5.55112e-17,0.145943,0	0.0025	37	69
55: 159, 188, 219, 

1,56: -0.0549678,0.0290293,0	-5.55112e-17,0.0271486,0	0.0025	126	155
56: 159, 187, 220, 

1,57: -0.0549678,0.0211959,0	-5.55112e-17,0.0230766,0	0.0025	127	156
2,60: -0.0549678,-0.125122,0	-5.55112e-17,-0.127002,0	0.0025	220	251
60: 287, 317, 350, 

2,61: -0.0549678,-0.132955,0	-5.55112e-17,-0.131074,0	0.0025	221	252
3,59: -0.0549678,-0.268053,0	-5.55112e-17,-0.266172,0	0.0025	312	342
59: 413, 444, 475, 

3,60: -0.0549678,-0.268053,0	-5.55112e-17,-0.269934,0	0.0025	312	343
60: 413, 443, 476, 
62: 36, 67, 100, 


Veins
0,63: 5.55112e-17,0.277767,0	0.0549678,0.275886,0	0.0025	38	70
57: 160, 190, 221, 

1,58: -0.0549678,0.0211959,0	-5.55112e-17,0.0193152,0	0.0025	127	157
61: 288, 320, 351, 

2,62: -0.0549678,-0.132955,0	-5.55112e-17,-0.134836,0	0.0025	221	253

3,61: -0.0549678,-0.275886,0	-5.55112e-17,-0.274006,0	0.0025	313	344
61: 414, 446, 477, 

127: 101, 70, 37, 

0,64: 5.55112e-17,0.274006,0	0.0549678,0.275886,0	0.0025	39	70
58: 160, 189, 222, 

1,59: -0.0549678,0.0127254,0	-5.55112e-17,0.0146061,0	0.0025	128	158
62: 288, 319, 352, 


Veins
2,63: 5.55112e-17,-0.00301134,0	0.0549678,-0.00489201,0	0.0025	222	254
3,62: -0.0549678,-0.275886,0	-5.55112e-17,-0.277767,0	0.0025	313	345
62: 414, 445, 478, 


Veins
128: 101, 69, 38, 

0,65: 5.55112e-17,0.269934,0	0.0549678,0.268053,0	0.0025	40	71
59: 161, 192, 223, 

1,60: -0.0549678,0.0127254,0	-5.55112e-17,0.0108447,0	0.0025	128	159
60: 161, 191, 224, 
127: 353, 322, 289, 

3,63: 5.55112e-17,-0.145943,0	0.0549678,-0.147823,0	0.0025	314	346
127: 479, 448, 415, 
129: 102, 72, 39, 

0,66: 5.55112e-17,0.266172,0	0.0549678,0.268053,0	0.0025	41	71

1,61: -0.0549678,0.00489201,0	-5.55112e-17,0.00677267,0	0.0025	129	160
61: 162, 194, 225, 

2,64: 5.55112e-17,-0.00677267,0	0.0549678,-0.00489201,0	0.0025	223	254
128: 353, 321, 290, 

2,65: 5.55112e-17,-0.0108447,0	0.0549678,-0.0127254,0	0.0025	224	255

3,64: 5.55112e-17,-0.149704,0	0.0549678,-0.147823,0	0.0025	315	346
130: 102, 71, 40, 

0,67: 5.55112e-17,0.261463,0	0.0549678,0.259582,0	0.0025	42	72
1,62: -0.0549678,0.00489201,0	-5.55112e-17,0.00301134,0	0.0025	129	161
62: 162, 193, 226, 


129: 354, 324, 291, 

2,66: 5.55112e-17,-0.0146061,0	0.0549678,-0.0127254,0	0.0025	225	255
128: 479, 447, 416, 

3,65: 5.55112e-17,-0.153776,0	0.0549678,-0.155657,0	0.0025	316	347
131: 103, 74, 41, 

0,68: 5.55112e-17,0.257702,0	0.0549678,0.259582,0	0.0025	43	72
Veins
1,63: 5.55112e-17,0.134836,0	0.0549678,0.132955,0	0.0025	130	162
127: 227, 196, 163, 
130: 354, 323, 292, 

2,67: 5.55112e-17,-0.0193152,0	0.0549678,-0.0211959,0	0.0025	226	256
129: 480, 450, 417, 

3,66: 5.55112e-17,-0.157537,0	0.0549678,-0.155657,0	0.0025	317	347
132: 103, 73, 42, 

0,69: 5.55112e-17,0.25363,0	0.0549678,0.251749,0	0.0025	44	73

1,64: 5.55112e-17,0.131074,0	0.0549678,0.132955,0	0.0025	131	162
128: 227, 195, 164, 
131: 355, 326, 293, 

2,68: 5.55112e-17,-0.0230766,0	0.0549678,-0.0211959,0	0.0025	227	256
130: 480, 449, 418, 

3,67: 5.55112e-17,-0.162246,0	0.0549678,-0.164127,0	0.0025	318	348
133: 104, 76, 43, 

0,70: 5.55112e-17,0.249868,0	0.0549678,0.251749,0	0.0025	45	73

1,65: 5.55112e-17,0.127002,0	0.0549678,0.125122,0	0.0025	132	163
132: 355, 325, 294, 

2,69: 5.55112e-17,-0.0271486,0	0.0549678,-0.0290293,0	0.0025	228	257
131: 481, 452, 419, 

3,68: 5.55112e-17,-0.166008,0	0.0549678,-0.164127,0	0.0025	319	348
132: 481, 451, 420, 
134: 104, 75, 44, 

0,71: 5.55112e-17,0.243891,0	0.0549678,0.242011,0	0.0025	46	74
129: 228, 198, 165, 

1,66: 5.55112e-17,0.123241,0	0.0549678,0.125122,0	0.0025	133	163
133: 356, 328, 295, 

2,70: 5.55112e-17,-0.03091,0	0.0549678,-0.0290293,0	0.0025	229	257

3,69: 5.55112e-17,-0.17008,0	0.0549678,-0.171961,0	0.0025	320	349
133: 482, 454, 421, 
135: 105, 78, 45, 

0,72: 5.55112e-17,0.24013,0	0.0549678,0.242011,0	0.0025	47	74
130: 228, 197, 166, 

1,67: 5.55112e-17,0.118532,0	0.0549678,0.116651,0	0.0025	134	164
134: 356, 327, 296, 


3,70: 5.55112e-17,-0.173841,0	0.0549678,-0.171961,0	0.0025	321	349
134: 482, 453, 422, 
136: 105, 77, 46, 

0,73: 5.55112e-17,0.236058,0	0.0549678,0.234177,0	0.0025	48	75
131: 229, 200, 167, 

1,68: 5.55112e-17,0.114771,0	0.0549678,0.116651,0	0.0025	135	164
2,71: 5.55112e-17,-0.0368869,0	0.0549678,-0.0387676,0	0.0025	230	258
135: 357, 330, 297, 

2,72: 5.55112e-17,-0.0406483,0	0.0549678,-0.0387676,0	0.0025	231	258

3,71: 5.55112e-17,-0.179818,0	0.0549678,-0.181699,0	0.0025	322	350
137: 106, 80, 47, 

0,74: 5.55112e-17,0.232297,0	0.0549678,0.234177,0	0.0025	49	75
132: 229, 199, 168, 

1,69: 5.55112e-17,0.110698,0	0.0549678,0.108818,0	0.0025	136	165
136: 357, 329, 298, 

2,73: 5.55112e-17,-0.0447203,0	0.0549678,-0.046601,0	0.0025	232	259
135: 483, 456, 423, 

3,72: 5.55112e-17,-0.18358,0	0.0549678,-0.181699,0	0.0025	323	350
138: 106, 79, 48, 

0,75: 5.55112e-17,0.227588,0	0.0549678,0.225707,0	0.0025	50	76
133: 230, 202, 169, 

1,70: 5.55112e-17,0.106937,0	0.0549678,0.108818,0	0.0025	137	165
137: 358, 332, 299, 

2,74: 5.55112e-17,-0.0484817,0	0.0549678,-0.046601,0	0.0025	233	259
136: 483, 455, 424, 

3,73: 5.55112e-17,-0.187652,0	0.0549678,-0.189532,0	0.0025	324	351
137: 484, 458, 425, 
139: 107, 82, 49, 

0,76: 5.55112e-17,0.223826,0	0.0549678,0.225707,0	0.0025	51	76
134: 230, 201, 170, 

1,71: 5.55112e-17,0.10096,0	0.0549678,0.0990795,0	0.0025	138	166
138: 358, 331, 300, 

2,75: 5.55112e-17,-0.0531908,0	0.0549678,-0.0550715,0	0.0025	234	260

3,74: 5.55112e-17,-0.191413,0	0.0549678,-0.189532,0	0.0025	325	351
138: 484, 457, 426, 
140: 107, 81, 50, 

0,77: 5.55112e-17,0.219754,0	0.0549678,0.217873,0	0.0025	52	77
135: 231, 204, 171, 

1,72: 5.55112e-17,0.0971988,0	0.0549678,0.0990795,0	0.0025	139	166
139: 359, 334, 301, 

2,76: 5.55112e-17,-0.0569521,0	0.0549678,-0.0550715,0	0.0025	235	260

3,75: 5.55112e-17,-0.196122,0	0.0549678,-0.198003,0	0.0025	326	352
139: 485, 460, 427, 
141: 108, 84, 51, 

0,78: 5.55112e-17,0.215993,0	0.0549678,0.217873,0	0.0025	53	77
136: 231, 203, 172, 

1,73: 5.55112e-17,0.0931268,0	0.0549678,0.0912461,0	0.0025	140	167
140: 359, 333, 302, 


3,76: 5.55112e-17,-0.199883,0	0.0549678,-0.198003,0	0.0025	327	352
140: 485, 459, 428, 
142: 108, 83, 52, 

0,79: 5.55112e-17,0.207717,0	0.0549678,0.205836,0	0.0025	54	78
137: 232, 206, 173, 

1,74: 5.55112e-17,0.0893654,0	0.0549678,0.0912461,0	0.0025	141	167
2,77: 5.55112e-17,-0.0610242,0	0.0549678,-0.0629049,0	0.0025	236	261
141: 360, 336, 303, 

2,78: 5.55112e-17,-0.0647855,0	0.0549678,-0.0629049,0	0.0025	237	261

3,77: 5.55112e-17,-0.203955,0	0.0549678,-0.205836,0	0.0025	328	353
143: 109, 86, 53, 

0,80: 5.55112e-17,0.203955,0	0.0549678,0.205836,0	0.0025	55	78
138: 232, 205, 174, 

1,75: 5.55112e-17,0.0846563,0	0.0549678,0.0827756,0	0.0025	142	168
142: 360, 335, 304, 

2,79: 5.55112e-17,-0.0730615,0	0.0549678,-0.0749422,0	0.0025	238	262
141: 486, 462, 429, 

3,78: 5.55112e-17,-0.207717,0	0.0549678,-0.205836,0	0.0025	329	353
142: 486, 461, 430, 

144: 109, 85, 54, 

0,81: 5.55112e-17,0.199883,0	0.0549678,0.198003,0	0.0025	56	79
139: 233, 208, 175, 

1,76: 5.55112e-17,0.0808949,0	0.0549678,0.0827756,0	0.0025	143	168
143: 361, 338, 305, 

2,80: 5.55112e-17,-0.0768229,0	0.0549678,-0.0749422,0	0.0025	239	262
3,79: 5.55112e-17,-0.215993,0	0.0549678,-0.217873,0	0.0025	330	354
143: 487, 464, 431, 
145: 110, 88, 55, 

0,82: 5.55112e-17,0.196122,0	0.0549678,0.198003,0	0.0025	57	79
140: 233, 207, 176, 

1,77: 5.55112e-17,0.0768229,0	0.0549678,0.0749422,0	0.0025	144	169
144: 361, 337, 306, 

2,81: 5.55112e-17,-0.0808949,0	0.0549678,-0.0827756,0	0.0025	240	263

3,80: 5.55112e-17,-0.219754,0	0.0549678,-0.217873,0	0.0025	331	354
144: 487, 463, 432, 

146: 110, 87, 56, 

0,83: 5.55112e-17,0.191413,0	0.0549678,0.189532,0	0.0025	58	80
141: 234, 210, 177, 

1,78: 5.55112e-17,0.0730615,0	0.0549678,0.0749422,0	0.0025	145	169
145: 362, 340, 307, 

2,82: 5.55112e-17,-0.0846563,0	0.0549678,-0.0827756,0	0.0025	241	263
3,81: 5.55112e-17,-0.223826,0	0.0549678,-0.225707,0	0.0025	332	355
145: 488, 466, 433, 

147: 111, 90, 57, 

0,84: 5.55112e-17,0.187652,0	0.0549678,0.189532,0	0.0025	59	80
142: 234, 209, 178, 

1,79: 5.55112e-17,0.0647855,0	0.0549678,0.0629049,0	0.0025	146	170
146: 362, 339, 308, 

2,83: 5.55112e-17,-0.0893654,0	0.0549678,-0.0912461,0	0.0025	242	264
147: 363, 342, 309, 
3,82: 5.55112e-17,-0.227588,0	0.0549678,-0.225707,0	0.0025	333	355
146: 488, 465, 434, 

148: 111, 89, 58, 

0,85: 5.55112e-17,0.18358,0	0.0549678,0.181699,0	0.0025	60	81
149: 112, 92, 59, 

143: 235, 212, 179, 

1,80: 5.55112e-17,0.0610242,0	0.0549678,0.0629049,0	0.0025	147	170

2,84: 5.55112e-17,-0.0931268,0	0.0549678,-0.0912461,0	0.0025	243	264
148: 363, 341, 310, 

3,83: 5.55112e-17,-0.232297,0	0.0549678,-0.234177,0	0.0025	334	356
147: 489, 468, 435, 

0,86: 5.55112e-17,0.179818,0	0.0549678,0.181699,0	0.0025	61	81
150: 112, 91, 60, 

144: 235, 211, 180, 

1,81: 5.55112e-17,0.0569521,0	0.0549678,0.0550715,0	0.0025	148	171
145: 236, 214, 181, 

2,85: 5.55112e-17,-0.0971988,0	0.0549678,-0.0990795,0	0.0025	244	265
149: 364, 344, 311, 

3,84: 5.55112e-17,-0.236058,0	0.0549678,-0.234177,0	0.0025	335	356
148: 489, 467, 436, 

0,87: 5.55112e-17,0.173841,0	0.0549678,0.171961,0	0.0025	62	82
151: 113, 94, 61, 

1,82: 5.55112e-17,0.0531908,0	0.0549678,0.0550715,0	0.0025	149	171
146: 236, 213, 182, 

2,86: 5.55112e-17,-0.10096,0	0.0549678,-0.0990795,0	0.0025	245	265
150: 364, 343, 312, 

3,85: 5.55112e-17,-0.24013,0	0.0549678,-0.242011,0	0.0025	336	357
149: 490, 470, 437, 

3,86: 5.55112e-17,-0.243891,0	0.0549678,-0.242011,0	0.0025	337	357
0,88: 5.55112e-17,0.17008,0	0.0549678,0.171961,0	0.0025	63	82
152: 113, 93, 62, 

1,83: 5.55112e-17,0.0484817,0	0.0549678,0.046601,0	0.0025	150	172
147: 237, 216, 183, 

1,84: 5.55112e-17,0.0447203,0	0.0549678,0.046601,0	0.0025	151	172
2,87: 5.55112e-17,-0.106937,0	0.0549678,-0.108818,0	0.0025	246	266
151: 365, 346, 313, 

150: 490, 469, 438, 

3,87: 5.55112e-17,-0.249868,0	0.0549678,-0.251749,0	0.0025	338	358
151: 491, 472, 439, 

0,89: 5.55112e-17,0.166008,0	0.0549678,0.164127,0	0.0025	64	83
153: 114, 96, 63, 

0,90: 5.55112e-17,0.162246,0	0.0549678,0.164127,0	0.0025	65	83
154: 114, 95, 64, 
148: 237, 215, 184, 

1,85: 5.55112e-17,0.0406483,0	0.0549678,0.0387676,0	0.0025	152	173
149: 238, 218, 185, 

2,88: 5.55112e-17,-0.110698,0	0.0549678,-0.108818,0	0.0025	247	266
152: 365, 345, 314, 

2,89: 5.55112e-17,-0.114771,0	0.0549678,-0.116651,0	0.0025	248	267
3,88: 5.55112e-17,-0.25363,0	0.0549678,-0.251749,0	0.0025	339	358
152: 491, 471, 440, 


0,91: 5.55112e-17,0.157537,0	0.0549678,0.155657,0	0.0025	66	84
155: 115, 98, 65, 

1,86: 5.55112e-17,0.0368869,0	0.0549678,0.0387676,0	0.0025	153	173
150: 238, 217, 186, 

153: 366, 348, 315, 

2,90: 5.55112e-17,-0.118532,0	0.0549678,-0.116651,0	0.0025	249	267
154: 366, 347, 316, 

3,89: 5.55112e-17,-0.257702,0	0.0549678,-0.259582,0	0.0025	340	359
153: 492, 474, 441, 

0,92: 5.55112e-17,0.153776,0	0.0549678,0.155657,0	0.0025	67	84
156: 115, 97, 66, 

1,87: 5.55112e-17,0.03091,0	0.0549678,0.0290293,0	0.0025	154	174
151: 239, 220, 187, 

2,91: 5.55112e-17,-0.123241,0	0.0549678,-0.125122,0	0.0025	250	268
155: 367, 350, 317, 

3,90: 5.55112e-17,-0.261463,0	0.0549678,-0.259582,0	0.0025	341	359
154: 492, 473, 442, 

3,91: 5.55112e-17,-0.266172,0	0.0549678,-0.268053,0	0.0025	342	360
0,93: 5.55112e-17,0.149704,0	0.0549678,0.147823,0	0.0025	68	85
157: 116, 100, 67, 

1,88: 5.55112e-17,0.0271486,0	0.0549678,0.0290293,0	0.0025	155	174
152: 239, 219, 188, 

2,92: 5.55112e-17,-0.127002,0	0.0549678,-0.125122,0	0.0025	251	268
156: 367, 349, 318, 

155: 493, 476, 443, 

3,92: 5.55112e-17,-0.269934,0	0.0549678,-0.268053,0	0.0025	343	360
156: 493, 475, 444, 
0,94: 5.55112e-17,0.145943,0	0.0549678,0.147823,0	0.0025	69	85
158: 116, 99, 68, 

0,95: 0.0549678,0.275886,0	0.123606,0.27197,0	0.0031498	70	86
1,89: 5.55112e-17,0.0230766,0	0.0549678,0.0211959,0	0.0025	156	175
153: 240, 222, 189, 

1,90: 5.55112e-17,0.0193152,0	0.0549678,0.0211959,0	0.0025	157	175
2,93: 5.55112e-17,-0.131074,0	0.0549678,-0.132955,0	0.0025	252	269
157: 368, 352, 319, 

2,94: 5.55112e-17,-0.134836,0	0.0549678,-0.132955,0	0.0025	253	269

3,93: 5.55112e-17,-0.274006,0	0.0549678,-0.275886,0	0.0025	344	361
157: 494, 478, 445, 

159: 117, 102, 69, 70, 

0,96: 0.0549678,0.268053,0	0.123606,0.27197,0	0.0031498	71	86
154: 240, 221, 190, 

1,91: 5.55112e-17,0.0146061,0	0.0549678,0.0127254,0	0.0025	158	176
158: 368, 351, 320, 

2,95: 0.0549678,-0.00489201,0	0.123606,-0.00880871,0	0.0031498	254	270
3,94: 5.55112e-17,-0.277767,0	0.0549678,-0.275886,0	0.0025	345	361
158: 494, 477, 446, 

160: 117, 101, 71, 72, 

0,97: 0.0549678,0.259582,0	0.123606,0.255666,0	0.0031498	72	87
155: 241, 224, 191, 

1,92: 5.55112e-17,0.0108447,0	0.0549678,0.0127254,0	0.0025	159	176
156: 241, 223, 192, 

159: 369, 354, 321, 322, 

2,96: 0.0549678,-0.0127254,0	0.123606,-0.00880871,0	0.0031498	255	270
3,95: 0.0549678,-0.147823,0	0.123606,-0.15174,0	0.0031498	346	362
159: 495, 480, 447, 448, 

161: 118, 104, 73, 74, 

0,98: 0.0549678,0.251749,0	0.123606,0.255666,0	0.0031498	73	87
162: 118, 103, 75, 76, 

1,93: 5.55112e-17,0.00677267,0	0.0549678,0.00489201,0	0.0025	160	177
157: 242, 226, 193, 

160: 369, 353, 323, 324, 

2,97: 0.0549678,-0.0211959,0	0.123606,-0.0251126,0	0.0031498	256	271
161: 370, 356, 325, 326, 
3,96: 0.0549678,-0.155657,0	0.123606,-0.15174,0	0.0031498	347	362
160: 495, 479, 449, 450, 

0,99: 0.0549678,0.242011,0	0.123606,0.238094,0	0.0031498	74	88
163: 119, 106, 77, 78, 

1,94: 5.55112e-17,0.00301134,0	0.0549678,0.00489201,0	0.0025	161	177
158: 242, 225, 194, 


2,98: 0.0549678,-0.0290293,0	0.123606,-0.0251126,0	0.0031498	257	271
162: 370, 355, 327, 328, 

3,97: 0.0549678,-0.164127,0	0.123606,-0.168044,0	0.0031498	348	363
161: 496, 482, 451, 452, 

0,100: 0.0549678,0.234177,0	0.123606,0.238094,0	0.0031498	75	88
164: 119, 105, 79, 80, 

1,95: 0.0549678,0.132955,0	0.123606,0.129038,0	0.0031498	162	178
159: 243, 228, 195, 196, 

2,99: 0.0549678,-0.0387676,0	0.123606,-0.0426843,0	0.0031498	258	272
163: 371, 358, 329, 330, 

3,98: 0.0549678,-0.171961,0	0.123606,-0.168044,0	0.0031498	349	363
162: 496, 481, 453, 454, 

3,99: 0.0549678,-0.181699,0	0.123606,-0.185616,0	0.0031498	350	364
0,101: 0.0549678,0.225707,0	0.123606,0.22179,0	0.0031498	76	89
165: 120, 108, 81, 82, 

1,96: 0.0549678,0.125122,0	0.123606,0.129038,0	0.0031498	163	178
160: 243, 227, 197, 198, 

2,100: 0.0549678,-0.046601,0	0.123606,-0.0426843,0	0.0031498	259	272
164: 371, 357, 331, 332, 

163: 497, 484, 455, 456, 

3,100: 0.0549678,-0.189532,0	0.123606,-0.185616,0	0.0031498	351	364
0,102: 0.0549678,0.217873,0	0.123606,0.22179,0	0.0031498	77	89
166: 120, 107, 83, 84, 

1,97: 0.0549678,0.116651,0	0.123606,0.112735,0	0.0031498	164	179
161: 244, 230, 199, 200, 

1,98: 0.0549678,0.108818,0	0.123606,0.112735,0	0.0031498	165	179
2,101: 0.0549678,-0.0550715,0	0.123606,-0.0589882,0	0.0031498	260	273
165: 372, 360, 333, 334, 

164: 497, 483, 457, 458, 

3,101: 0.0549678,-0.198003,0	0.123606,-0.201919,0	0.0031498	352	365
165: 498, 486, 459, 460, 

0,103: 0.0549678,0.205836,0	0.123606,0.201919,0	0.0031498	78	90
167: 121, 110, 85, 86, 

0,104: 0.0549678,0.198003,0	0.123606,0.201919,0	0.0031498	79	90
162: 244, 229, 201, 202, 

1,99: 0.0549678,0.0990795,0	0.123606,0.0951628,0	0.0031498	166	180
163: 245, 232, 203, 204, 

2,102: 0.0549678,-0.0629049,0	0.123606,-0.0589882,0	0.0031498	261	273
166: 372, 359, 335, 336, 

2,103: 0.0549678,-0.0749422,0	0.123606,-0.0788589,0	0.0031498	262	274
3,102: 0.0549678,-0.205836,0	0.123606,-0.201919,0	0.0031498	353	365
166: 498, 485, 461, 462, 

168: 121, 109, 87, 88, 

0,105: 0.0549678,0.189532,0	0.123606,0.185616,0	0.0031498	80	91
169: 122, 112, 89, 90, 

1,100: 0.0549678,0.0912461,0	0.123606,0.0951628,0	0.0031498	167	180
164: 245, 231, 205, 206, 

167: 373, 362, 337, 338, 

2,104: 0.0549678,-0.0827756,0	0.123606,-0.0788589,0	0.0031498	263	274
168: 373, 361, 339, 340, 

3,103: 0.0549678,-0.217873,0	0.123606,-0.22179,0	0.0031498	354	366
167: 499, 488, 463, 464, 

3,104: 0.0549678,-0.225707,0	0.123606,-0.22179,0	0.0031498	355	366
0,106: 0.0549678,0.181699,0	0.123606,0.185616,0	0.0031498	81	91
170: 122, 111, 91, 92, 

1,101: 0.0549678,0.0827756,0	0.123606,0.0788589,0	0.0031498	168	181
165: 246, 234, 207, 208, 

1,102: 0.0549678,0.0749422,0	0.123606,0.0788589,0	0.0031498	169	181
2,105: 0.0549678,-0.0912461,0	0.123606,-0.0951628,0	0.0031498	264	275
169: 374, 364, 341, 342, 

168: 499, 487, 465, 466, 

3,105: 0.0549678,-0.234177,0	0.123606,-0.238094,0	0.0031498	356	367
169: 500, 490, 467, 468, 
0,107: 0.0549678,0.171961,0	0.123606,0.168044,0	0.0031498	82	92
171: 123, 114, 93, 94, 

166: 246, 233, 209, 210, 

1,103: 0.0549678,0.0629049,0	0.123606,0.0589882,0	0.0031498	170	182
2,106: 0.0549678,-0.0990795,0	0.123606,-0.0951628,0	0.0031498	265	275
170: 374, 363, 343, 344, 


3,106: 0.0549678,-0.242011,0	0.123606,-0.238094,0	0.0031498	357	367
170: 500, 489, 469, 470, 

0,108: 0.0549678,0.164127,0	0.123606,0.168044,0	0.0031498	83	92
172: 123, 113, 95, 96, 

0,109: 0.0549678,0.155657,0	0.123606,0.15174,0	0.0031498	84	93
167: 247, 236, 211, 212, 

1,104: 0.0549678,0.0550715,0	0.123606,0.0589882,0	0.0031498	171	182
168: 247, 235, 213, 214, 
2,107: 0.0549678,-0.108818,0	0.123606,-0.112735,0	0.0031498	266	276
171: 375, 366, 345, 346, 

2,108: 0.0549678,-0.116651,0	0.123606,-0.112735,0	0.0031498	267	276
3,107: 0.0549678,-0.251749,0	0.123606,-0.255666,0	0.0031498	358	368
171: 501, 492, 471, 472, 

173: 124, 116, 97, 98, 

0,110: 0.0549678,0.147823,0	0.123606,0.15174,0	0.0031498	85	93
174: 124, 115, 99, 100, 


1,105: 0.0549678,0.046601,0	0.123606,0.0426843,0	0.0031498	172	183
169: 248, 238, 215, 216, 

172: 375, 365, 347, 348, 

2,109: 0.0549678,-0.125122,0	0.123606,-0.129038,0	0.0031498	268	277
3,108: 0.0549678,-0.259582,0	0.123606,-0.255666,0	0.0031498	359	368
172: 501, 491, 473, 474, 

0,111: 0.123606,0.27197,0	0.209156,0.263818,0	0.0039685	86	94
175: 125, 118, 101, 102, 

1,106: 0.0549678,0.0387676,0	0.123606,0.0426843,0	0.0031498	173	183
170: 248, 237, 217, 218, 

173: 376, 368, 349, 350, 

2,110: 0.0549678,-0.132955,0	0.123606,-0.129038,0	0.0031498	269	277
3,109: 0.0549678,-0.268053,0	0.123606,-0.27197,0	0.0031498	360	369
173: 502, 494, 475, 476, 

0,112: 0.123606,0.255666,0	0.209156,0.263818,0	0.0039685	87	94
176: 125, 117, 103, 104, 

1,107: 0.0549678,0.0290293,0	0.123606,0.0251126,0	0.0031498	174	184
171: 249, 240, 219, 220, 

174: 376, 367, 351, 352, 

2,111: 0.123606,-0.00880871,0	0.209156,-0.0169606,0	0.0039685	270	278
175: 377, 370, 353, 354, 

3,110: 0.0549678,-0.275886,0	0.123606,-0.27197,0	0.0031498	361	369
174: 502, 493, 477, 478, 

3,111: 0.123606,-0.15174,0	0.209156,-0.159892,0	0.0039685	362	370
0,113: 0.123606,0.238094,0	0.209156,0.229942,0	0.0039685	88	95
177: 126, 120, 105, 106, 

1,108: 0.0549678,0.0211959,0	0.123606,0.0251126,0	0.0031498	175	184
172: 249, 239, 221, 222, 

2,112: 0.123606,-0.0251126,0	0.209156,-0.0169606,0	0.0039685	271	278
176: 377, 369, 355, 356, 

175: 503, 496, 479, 480, 

3,112: 0.123606,-0.168044,0	0.209156,-0.159892,0	0.0039685	363	370
0,114: 0.123606,0.22179,0	0.209156,0.229942,0	0.0039685	89	95
178: 126, 119, 107, 108, 

0,115: 0.123606,0.201919,0	0.209156,0.193768,0	0.0039685	90	96
1,109: 0.0549678,0.0127254,0	0.123606,0.00880871,0	0.0031498	176	185
173: 250, 242, 223, 224, 

1,110: 0.0549678,0.00489201,0	0.123606,0.00880871,0	0.0031498	177	185
2,113: 0.123606,-0.0426843,0	0.209156,-0.0508362,0	0.0039685	272	279
177: 378, 372, 357, 358, 

176: 503, 495, 481, 482, 

3,113: 0.123606,-0.185616,0	0.209156,-0.193768,0	0.0039685	364	371
177: 504, 498, 483, 484, 

179: 127, 122, 109, 110, 

0,116: 0.123606,0.185616,0	0.209156,0.193768,0	0.0039685	91	96
180: 127, 121, 111, 112, 

174: 250, 241, 225, 226, 

1,111: 0.123606,0.129038,0	0.209156,0.120886,0	0.0039685	178	186
175: 251, 244, 227, 228, 

2,114: 0.123606,-0.0589882,0	0.209156,-0.0508362,0	0.0039685	273	279
178: 378, 371, 359, 360, 

2,115: 0.123606,-0.0788589,0	0.209156,-0.0870109,0	0.0039685	274	280
3,114: 0.123606,-0.201919,0	0.209156,-0.193768,0	0.0039685	365	371
178: 504, 497, 485, 486, 

0,117: 0.123606,0.168044,0	0.209156,0.159892,0	0.0039685	92	97
181: 128, 124, 113, 114, 

1,112: 0.123606,0.112735,0	0.209156,0.120886,0	0.0039685	179	186
176: 251, 243, 229, 230, 

179: 379, 374, 361, 362, 

2,116: 0.123606,-0.0951628,0	0.209156,-0.0870109,0	0.0039685	275	280
180: 379, 373, 363, 364, 

3,115: 0.123606,-0.22179,0	0.209156,-0.229942,0	0.0039685	366	372
179: 505, 500, 487, 488, 

0,118: 0.123606,0.15174,0	0.209156,0.159892,0	0.0039685	93	97
182: 128, 123, 115, 116, 

1,113: 0.123606,0.0951628,0	0.209156,0.0870109,0	0.0039685	180	187
177: 252, 246, 231, 232, 

2,117: 0.123606,-0.112735,0	0.209156,-0.120886,0	0.0039685	276	281
181: 380, 376, 365, 366, 

3,116: 0.123606,-0.238094,0	0.209156,-0.229942,0	0.0039685	367	372
180: 505, 499, 489, 490, 

3,117: 0.123606,-0.255666,0	0.209156,-0.263818,0	0.0039685	368	373
0,119: 0.209156,0.263818,0	0.315234,0.24688,0	0.005	94	98
183: 129, 126, 117, 118, 

1,114: 0.123606,0.0788589,0	0.209156,0.0870109,0	0.0039685	181	187
178: 252, 245, 233, 234, 

2,118: 0.123606,-0.129038,0	0.209156,-0.120886,0	0.0039685	277	281
182: 380, 375, 367, 368, 

181: 506, 502, 491, 492, 

3,118: 0.123606,-0.27197,0	0.209156,-0.263818,0	0.0039685	369	373
182: 506, 501, 493, 494, 

0,120: 0.209156,0.229942,0	0.315234,0.24688,0	0.005	95	98
184: 129, 125, 119, 120, 

0,121: 0.209156,0.193768,0	0.315234,0.17683,0	0.005	96	99
1,115: 0.123606,0.0589882,0	0.209156,0.0508362,0	0.0039685	182	188
179: 253, 248, 235, 236, 

1,116: 0.123606,0.0426843,0	0.209156,0.0508362,0	0.0039685	183	188
180: 253, 247, 237, 238, 
2,119: 0.209156,-0.0169606,0	0.315234,-0.0338984,0	0.005	278	282
183: 381, 378, 369, 370, 

2,120: 0.209156,-0.0508362,0	0.315234,-0.0338984,0	0.005	279	282
3,119: 0.209156,-0.159892,0	0.315234,-0.17683,0	0.005	370	374
183: 507, 504, 495, 496, 

185: 130, 128, 121, 122, 

0,122: 0.209156,0.159892,0	0.315234,0.17683,0	0.005	97	99
186: 130, 127, 123, 124, 


1,117: 0.123606,0.0251126,0	0.209156,0.0169606,0	0.0039685	184	189
181: 254, 250, 239, 240, 

184: 381, 377, 371, 372, 

2,121: 0.209156,-0.0870109,0	0.315234,-0.103949,0	0.005	280	283
3,120: 0.209156,-0.193768,0	0.315234,-0.17683,0	0.005	371	374
184: 507, 503, 497, 498, 

0,123: 0.315234,0.24688,0	0.444863,0.211855,0	0.00629961	98	376
187: 131, 130, 125, 126, 

1,118: 0.123606,0.00880871,0	0.209156,0.0169606,0	0.0039685	185	189
182: 254, 249, 241, 242, 

185: 382, 380, 373, 374, 

2,122: 0.209156,-0.120886,0	0.315234,-0.103949,0	0.005	281	283
186: 382, 379, 375, 376, 

3,121: 0.209156,-0.229942,0	0.315234,-0.24688,0	0.005	372	375
185: 508, 506, 499, 500, 

3,122: 0.209156,-0.263818,0	0.315234,-0.24688,0	0.005	373	375
0,124: 0.315234,0.17683,0	0.444863,0.211855,0	0.00629961	99	376
188: 131, 129, 127, 128, 

1,119: 0.209156,0.120886,0	0.315234,0.103949,0	0.005	186	190
183: 255, 252, 243, 244, 

2,123: 0.315234,-0.0338984,0	0.444863,-0.0689235,0	0.00629961	282	378
187: 383, 382, 377, 378, 

186: 508, 505, 501, 502, 

3,123: 0.315234,-0.17683,0	0.444863,-0.211855,0	0.00629961	374	379
187: 509, 508, 503, 504, 

0,125: 0.444863,0.211855,0	0.596735,0.140389,0	0.00793701	376	380
189: 3, 257, 129, 130, 

Time Excluding MPI Initialization and Finalize: 0.920684
1,120: 0.209156,0.0870109,0	0.315234,0.103949,0	0.005	187	190
184: 255, 251, 245, 246, 

1,121: 0.209156,0.0508362,0	0.315234,0.0338984,0	0.005	188	191
2,124: 0.315234,-0.103949,0	0.444863,-0.0689235,0	0.00629961	283	378
188: 383, 381, 379, 380, 

3,124: 0.315234,-0.24688,0	0.444863,-0.211855,0	0.00629961	375	379
188: 509, 507, 505, 506, 

185: 256, 254, 247, 248, 

1,122: 0.209156,0.0169606,0	0.315234,0.0338984,0	0.005	189	191
2,125: 0.444863,-0.0689235,0	0.596735,-0.140389,0	0.00793701	378	381
189: 4, 509, 381, 382, 

3,125: 0.444863,-0.211855,0	0.596735,-0.140389,0	0.00793701	379	381
189: 4, 383, 507, 508, 

186: 256, 253, 249, 250, 

1,123: 0.315234,0.103949,0	0.444863,0.0689235,0	0.00629961	190	377
187: 257, 256, 251, 252, 

1,124: 0.315234,0.0338984,0	0.444863,0.0689235,0	0.00629961	191	377
188: 257, 255, 253, 254, 

1,125: 0.444863,0.0689235,0	0.596735,0.140389,0	0.00793701	377	380
189: 3, 131, 255, 256, 

Total Time: 1.08445
