running SimpleVesselGenerator on 8 ranks for 5 generations and 2 dimensions
srun -p medusa -n 8 --mpi=pmi2 /home/sshirzad/src/VascularModeling/Radiation_Modeling_Projects/build/Output/SimpleVesselGenerator 5 2 /work/sshirzad/repos/VascularModelingData/results/geometry_8_5_2
Calculated Root Levels: 4
Total Vessels in Network: 30
Vessels in Arrays: 15
Root Network Build Time: 2.30144e-05
Root Network Vessels
Arteries
Root Network Vessels
Arteries
0: -0.412548,0,0	-0.278271,0,0	0.00629961	0	1
0: 1, 2, 

Root Network Vessels
Arteries
0: -0.412548,0,0	-0.278271,0,0	0.00629961	0	1
0: 1, 2, 

1: -0.278271,0,0	-0.198441,0.0718793,0	0.005	1	2
1: 0, 2, 3, 4, 

Root Network Vessels
Arteries
0: -0.412548,0,0	-0.278271,0,0	0.00629961	0	1
0: 1, 2, 

1: -0.278271,0,0	-0.198441,0.0718793,0	0.005	1	2
1: 0, 2, 3, 4, 

Root Network Vessels
Arteries
0: -0.412548,0,0	-0.278271,0,0	0.00629961	0	1
0: 1, 2, 

1: -0.278271,0,0	-0.198441,0.0718793,0	0.005	1	2
1: 0, 2, 3, 4, 

Root Network Vessels
Arteries
0: -0.412548,0,0	-0.278271,0,0	0.00629961	0	1
0: 1, 2, 

1: -0.278271,0,0	-0.198441,0.0718793,0	0.005	1	2
1: 0, 2, 3, 4, 

2: -0.278271,0,0	-0.198441,-0.0718793,0	0.005	1	3
Root Network Vessels
Arteries
0: -0.412548,0,0	-0.278271,0,0	0.00629961	0	1
0: 1, 2, 

1: -0.278271,0,0	-0.198441,0.0718793,0	0.005	1	2
1: 0, 2, 3, 4, 

2: -0.278271,0,0	-0.198441,-0.0718793,0	0.005	1	3
2: 0, 1, 5, 6, 

0: -0.412548,0,0	-0.278271,0,0	0.00629961	0	1
0: 1, 2, 

1: -0.278271,0,0	-0.198441,0.0718793,0	0.005	1	2
1: 0, 2, 3, 4, 

2: -0.278271,0,0	-0.198441,-0.0718793,0	0.005	1	3
2: 0, 1, 5, 6, 

3: -0.198441,0.0718793,0	-0.120682,0.10847,0	0.0039685	2	4
1: -0.278271,0,0	-0.198441,0.0718793,0	0.005	1	2
1: 0, 2, 3, 4, 

2: -0.278271,0,0	-0.198441,-0.0718793,0	0.005	1	3
2: 0, 1, 5, 6, 

3: -0.198441,0.0718793,0	-0.120682,0.10847,0	0.0039685	2	4
3: 1, 4, 14, 20, 

2: -0.278271,0,0	-0.198441,-0.0718793,0	0.005	1	3
2: 0, 1, 5, 6, 

3: -0.198441,0.0718793,0	-0.120682,0.10847,0	0.0039685	2	4
3: 1, 4, 14, 20, 

Root Network Vessels
Arteries
0: -0.412548,0,0	-0.278271,0,0	0.00629961	0	1
0: 1, 2, 

1: -0.278271,0,0	-0.198441,0.0718793,0	0.005	1	2
1: 0, 2, 3, 4, 

2: -0.278271,0,0	-0.198441,-0.0718793,0	0.005	1	3
2: 0, 1, 5, 6, 

2: -0.278271,0,0	-0.198441,-0.0718793,0	0.005	1	3
2: 0, 1, 5, 6, 

3: -0.198441,0.0718793,0	-0.120682,0.10847,0	0.0039685	2	4
3: 1, 4, 14, 20, 

4: -0.198441,0.0718793,0	-0.120682,0.0352889,0	0.0039685	2	5
4: 1, 3, 26, 32, 

2: -0.278271,0,0	-0.198441,-0.0718793,0	0.005	1	3
2: 0, 1, 5, 6, 

3: -0.198441,0.0718793,0	-0.120682,0.10847,0	0.0039685	2	4
3: 1, 4, 14, 20, 

4: -0.198441,0.0718793,0	-0.120682,0.0352889,0	0.0039685	2	5
4: 1, 3, 26, 32, 

2: 0, 1, 5, 6, 

3: -0.198441,0.0718793,0	-0.120682,0.10847,0	0.0039685	2	4
3: 1, 4, 14, 20, 

4: -0.198441,0.0718793,0	-0.120682,0.0352889,0	0.0039685	2	5
4: 1, 3, 26, 32, 

3: -0.198441,0.0718793,0	-0.120682,0.10847,0	0.0039685	2	4
3: 1, 4, 14, 20, 

4: -0.198441,0.0718793,0	-0.120682,0.0352889,0	0.0039685	2	5
4: 1, 3, 26, 32, 

5: -0.198441,-0.0718793,0	-0.120682,-0.0352889,0	0.0039685	3	6
3: 1, 4, 14, 20, 

4: -0.198441,0.0718793,0	-0.120682,0.0352889,0	0.0039685	2	5
4: 1, 3, 26, 32, 

5: -0.198441,-0.0718793,0	-0.120682,-0.0352889,0	0.0039685	3	6
5: 2, 6, 38, 44, 

6: -0.198441,-0.0718793,0	-0.120682,-0.10847,0	0.0039685	3	7
6: 2, 5, 50, 56, 


Veins
4: -0.198441,0.0718793,0	-0.120682,0.0352889,0	0.0039685	2	5
4: 1, 3, 26, 32, 

5: -0.198441,-0.0718793,0	-0.120682,-0.0352889,0	0.0039685	3	6
5: 2, 6, 38, 44, 

6: -0.198441,-0.0718793,0	-0.120682,-0.10847,0	0.0039685	3	7
6: 2, 5, 50, 56, 


Veins
4: -0.198441,0.0718793,0	-0.120682,0.0352889,0	0.0039685	2	5
4: 1, 3, 26, 32, 

5: -0.198441,-0.0718793,0	-0.120682,-0.0352889,0	0.0039685	3	6
5: 2, 6, 38, 44, 

6: -0.198441,-0.0718793,0	-0.120682,-0.10847,0	0.0039685	3	7
6: 2, 5, 50, 56, 


Veins
8: 0.120682,0.10847,0	0.198441,0.0718793,0	0.0039685	40	44
3: -0.198441,0.0718793,0	-0.120682,0.10847,0	0.0039685	2	4
3: 1, 4, 14, 20, 

4: -0.198441,0.0718793,0	-0.120682,0.0352889,0	0.0039685	2	5
4: 1, 3, 26, 32, 

5: -0.198441,-0.0718793,0	-0.120682,-0.0352889,0	0.0039685	3	6
5: 2, 6, 38, 44, 

5: -0.198441,-0.0718793,0	-0.120682,-0.0352889,0	0.0039685	3	6
5: 2, 6, 38, 44, 

6: -0.198441,-0.0718793,0	-0.120682,-0.10847,0	0.0039685	3	7
6: 2, 5, 50, 56, 


Veins
8: 0.120682,0.10847,0	0.198441,0.0718793,0	0.0039685	40	44
23: 11, 8, 19, 25, 

5: -0.198441,-0.0718793,0	-0.120682,-0.0352889,0	0.0039685	3	6
5: 2, 6, 38, 44, 

6: -0.198441,-0.0718793,0	-0.120682,-0.10847,0	0.0039685	3	7
6: 2, 5, 50, 56, 


Veins
8: 0.120682,0.10847,0	0.198441,0.0718793,0	0.0039685	40	44
23: 11, 8, 19, 25, 

5: -0.198441,-0.0718793,0	-0.120682,-0.0352889,0	0.0039685	3	6
5: 2, 6, 38, 44, 

6: -0.198441,-0.0718793,0	-0.120682,-0.10847,0	0.0039685	3	7
6: 2, 5, 50, 56, 


Veins
8: 0.120682,0.10847,0	0.198441,0.0718793,0	0.0039685	40	44
23: 11, 8, 19, 25, 

5: 2, 6, 38, 44, 

6: -0.198441,-0.0718793,0	-0.120682,-0.10847,0	0.0039685	3	7
6: 2, 5, 50, 56, 


Veins
8: 0.120682,0.10847,0	0.198441,0.0718793,0	0.0039685	40	44
23: 11, 8, 19, 25, 

9: 0.120682,0.0352889,0	0.198441,0.0718793,0	0.0039685	41	44
8: 0.120682,0.10847,0	0.198441,0.0718793,0	0.0039685	40	44
23: 11, 8, 19, 25, 

9: 0.120682,0.0352889,0	0.198441,0.0718793,0	0.0039685	41	44
24: 11, 7, 31, 37, 

8: 0.120682,0.10847,0	0.198441,0.0718793,0	0.0039685	40	44
23: 11, 8, 19, 25, 

9: 0.120682,0.0352889,0	0.198441,0.0718793,0	0.0039685	41	44
24: 11, 7, 31, 37, 

23: 11, 8, 19, 25, 

9: 0.120682,0.0352889,0	0.198441,0.0718793,0	0.0039685	41	44
24: 11, 7, 31, 37, 

10: 0.120682,-0.0352889,0	0.198441,-0.0718793,0	0.0039685	42	45
6: -0.198441,-0.0718793,0	-0.120682,-0.10847,0	0.0039685	3	7
6: 2, 5, 50, 56, 


Veins
8: 0.120682,0.10847,0	0.198441,0.0718793,0	0.0039685	40	44
23: 11, 8, 19, 25, 

9: 0.120682,0.0352889,0	0.198441,0.0718793,0	0.0039685	41	44
24: 11, 7, 31, 37, 

10: 0.120682,-0.0352889,0	0.198441,-0.0718793,0	0.0039685	42	45
25: 12, 10, 43, 49, 

9: 0.120682,0.0352889,0	0.198441,0.0718793,0	0.0039685	41	44
24: 11, 7, 31, 37, 

10: 0.120682,-0.0352889,0	0.198441,-0.0718793,0	0.0039685	42	45
25: 12, 10, 43, 49, 

9: 0.120682,0.0352889,0	0.198441,0.0718793,0	0.0039685	41	44
24: 11, 7, 31, 37, 

10: 0.120682,-0.0352889,0	0.198441,-0.0718793,0	0.0039685	42	45
25: 12, 10, 43, 49, 

24: 11, 7, 31, 37, 

10: 0.120682,-0.0352889,0	0.198441,-0.0718793,0	0.0039685	42	45
25: 12, 10, 43, 49, 

11: 0.120682,-0.10847,0	0.198441,-0.0718793,0	0.0039685	43	45
10: 0.120682,-0.0352889,0	0.198441,-0.0718793,0	0.0039685	42	45
25: 12, 10, 43, 49, 

11: 0.120682,-0.10847,0	0.198441,-0.0718793,0	0.0039685	43	45
26: 12, 9, 55, 61, 

10: 0.120682,-0.0352889,0	0.198441,-0.0718793,0	0.0039685	42	45
25: 12, 10, 43, 49, 

11: 0.120682,-0.10847,0	0.198441,-0.0718793,0	0.0039685	43	45
26: 12, 9, 55, 61, 

25: 12, 10, 43, 49, 

11: 0.120682,-0.10847,0	0.198441,-0.0718793,0	0.0039685	43	45
26: 12, 9, 55, 61, 

12: 0.198441,0.0718793,0	0.278271,0,0	0.005	44	46
9: 0.120682,0.0352889,0	0.198441,0.0718793,0	0.0039685	41	44
24: 11, 7, 31, 37, 

10: 0.120682,-0.0352889,0	0.198441,-0.0718793,0	0.0039685	42	45
25: 12, 10, 43, 49, 

11: 0.120682,-0.10847,0	0.198441,-0.0718793,0	0.0039685	43	45
26: 12, 9, 55, 61, 

12: 0.198441,0.0718793,0	0.278271,0,0	0.005	44	46
27: 13, 12, 7, 8, 

11: 0.120682,-0.10847,0	0.198441,-0.0718793,0	0.0039685	43	45
26: 12, 9, 55, 61, 

12: 0.198441,0.0718793,0	0.278271,0,0	0.005	44	46
27: 13, 12, 7, 8, 

11: 0.120682,-0.10847,0	0.198441,-0.0718793,0	0.0039685	43	45
26: 12, 9, 55, 61, 

12: 0.198441,0.0718793,0	0.278271,0,0	0.005	44	46
27: 13, 12, 7, 8, 

26: 12, 9, 55, 61, 

12: 0.198441,0.0718793,0	0.278271,0,0	0.005	44	46
27: 13, 12, 7, 8, 

13: 0.198441,-0.0718793,0	0.278271,0,0	0.005	45	46
12: 0.198441,0.0718793,0	0.278271,0,0	0.005	44	46
27: 13, 12, 7, 8, 

13: 0.198441,-0.0718793,0	0.278271,0,0	0.005	45	46
28: 13, 11, 9, 10, 

12: 0.198441,0.0718793,0	0.278271,0,0	0.005	44	46
27: 13, 12, 7, 8, 

13: 0.198441,-0.0718793,0	0.278271,0,0	0.005	45	46
28: 13, 11, 9, 10, 

27: 13, 12, 7, 8, 

13: 0.198441,-0.0718793,0	0.278271,0,0	0.005	45	46
28: 13, 11, 9, 10, 

14: 0.278271,0,0	0.412548,0,0	0.00629961	46	47
11: 0.120682,-0.10847,0	0.198441,-0.0718793,0	0.0039685	43	45
26: 12, 9, 55, 61, 

12: 0.198441,0.0718793,0	0.278271,0,0	0.005	44	46
27: 13, 12, 7, 8, 

13: 0.198441,-0.0718793,0	0.278271,0,0	0.005	45	46
28: 13, 11, 9, 10, 

14: 0.278271,0,0	0.412548,0,0	0.00629961	46	47
29: 11, 12, 

13: 0.198441,-0.0718793,0	0.278271,0,0	0.005	45	46
28: 13, 11, 9, 10, 

14: 0.278271,0,0	0.412548,0,0	0.00629961	46	47
29: 11, 12, 

13: 0.198441,-0.0718793,0	0.278271,0,0	0.005	45	46
28: 13, 11, 9, 10, 

14: 0.278271,0,0	0.412548,0,0	0.00629961	46	47
29: 11, 12, 

28: 13, 11, 9, 10, 

14: 0.278271,0,0	0.412548,0,0	0.00629961	46	47
29: 11, 12, 

14: 0.278271,0,0	0.412548,0,0	0.00629961	46	47
29: 11, 12, 

14: 0.278271,0,0	0.412548,0,0	0.00629961	46	47
29: 11, 12, 

29: 11, 12, 

13: 0.198441,-0.0718793,0	0.278271,0,0	0.005	45	46
28: 13, 11, 9, 10, 

14: 0.278271,0,0	0.412548,0,0	0.00629961	46	47
29: 11, 12, 

Root Network Export time: 0.0128063
Sub Network build time time: 0.567034
Write Geom Data to File 
Geom Vector conversion time 0.220945
Write Geom Data time: 0.898057
Create num Connected Vessels 
time: 2.66312e-06
Create Connected Vessels Array
time: 3.03518e-06
Write Connected Vessels data
time: 0.0048066
Sub Network Vessels:
Sub Network Vessels:
arteries
Sub Network Vessels:
arteries
Sub Network Vessels:
arteries
Sub Network Vessels:
arteries
Sub Network Vessels:
arteries
arteries
6,0: -0.120682,-0.10847,0	-0.054312,-0.0905368,0	0.0031498	7	14
7,0: -0.120682,-0.10847,0	-0.054312,-0.126403,0	0.0031498	7	15
0: 6, 50, 57, 58, 

Sub Network Export time: 0.903502
Sub Network Vessels:
arteries
1,0: -0.120682,0.10847,0	-0.054312,0.0905368,0	0.0031498	4	9
0: 3, 14, 21, 22, 

2,0: -0.120682,0.0352889,0	-0.054312,0.0532217,0	0.0031498	5	10
0: 4, 32, 27, 28, 

2,1: -0.054312,0.0532217,0	-4.85723e-17,0.0618939,0	0.0025	10	20
1: 26, 28, 29, 

3,0: -0.120682,0.0352889,0	-0.054312,0.017356,0	0.0031498	5	11
0: 4, 26, 33, 34, 

3,1: -0.054312,0.017356,0	-4.85723e-17,0.0260282,0	0.0025	11	22
5,0: -0.120682,-0.0352889,0	-0.054312,-0.0532217,0	0.0031498	6	13
0: 5, 38, 45, 46, 

5,1: -0.054312,-0.0532217,0	-4.85723e-17,-0.0445496,0	0.0025	13	26
1: 44, 46, 47, 

0: 6, 56, 51, 52, 

6,1: -0.054312,-0.0905368,0	-4.85723e-17,-0.0818647,0	0.0025	14	28
1: 50, 52, 53, 

6,2: -0.054312,-0.0905368,0	-4.85723e-17,-0.099209,0	0.0025	14	29
7,1: -0.054312,-0.126403,0	-4.85723e-17,-0.11773,0	0.0025	15	30
1: 56, 58, 59, 

7,2: -0.054312,-0.126403,0	-4.85723e-17,-0.135075,0	0.0025	15	31
2: 56, 57, 60, 


Veins
0,0: -0.120682,0.10847,0	-0.054312,0.126403,0	0.0031498	4	8
0: 3, 20, 15, 16, 

0,1: -0.054312,0.126403,0	-4.85723e-17,0.135075,0	0.0025	8	16
1,1: -0.054312,0.0905368,0	-4.85723e-17,0.099209,0	0.0025	9	18
1: 20, 22, 23, 

1,2: -0.054312,0.0905368,0	-4.85723e-17,0.0818647,0	0.0025	9	19
2: 20, 21, 24, 


Veins
2,2: -0.054312,0.0532217,0	-4.85723e-17,0.0445496,0	0.0025	10	21
2: 26, 27, 30, 


Veins
2,3: 4.85723e-17,0.0618939,0	0.054312,0.0532217,0	0.0025	20	34
15: 31, 30, 27, 
1: 32, 34, 35, 

3,2: -0.054312,0.017356,0	-4.85723e-17,0.00868385,0	0.0025	11	23
2: 32, 33, 36, 


Veins
3,3: 4.85723e-17,0.0260282,0	0.054312,0.017356,0	0.0025	22	35
5,2: -0.054312,-0.0532217,0	-4.85723e-17,-0.0618939,0	0.0025	13	27
2: 44, 45, 48, 


Veins
5,3: 4.85723e-17,-0.0445496,0	0.054312,-0.0532217,0	0.0025	26	37
15: 49, 48, 45, 

2: 50, 51, 54, 


Veins
6,3: 4.85723e-17,-0.0818647,0	0.054312,-0.0905368,0	0.0025	28	38
15: 55, 54, 51, 

7,3: 4.85723e-17,-0.11773,0	0.054312,-0.126403,0	0.0025	30	39
15: 61, 60, 57, 

7,4: 4.85723e-17,-0.135075,0	0.054312,-0.126403,0	0.0025	31	39
16: 61, 59, 58, 
1: 14, 16, 17, 

0,2: -0.054312,0.126403,0	-4.85723e-17,0.11773,0	0.0025	8	17
2: 14, 15, 18, 


Veins
1,3: 4.85723e-17,0.099209,0	0.054312,0.0905368,0	0.0025	18	33
15: 25, 24, 21, 

1,4: 4.85723e-17,0.0818647,0	0.054312,0.0905368,0	0.0025	19	33
16: 25, 23, 22, 


2,4: 4.85723e-17,0.0445496,0	0.054312,0.0532217,0	0.0025	21	34
16: 31, 29, 28, 

2,5: 0.054312,0.0532217,0	0.120682,0.0352889,0	0.0031498	34	41
15: 37, 36, 33, 

3,4: 4.85723e-17,0.00868385,0	0.054312,0.017356,0	0.0025	23	35
16: 37, 35, 34, 

5,4: 4.85723e-17,-0.0618939,0	0.054312,-0.0532217,0	0.0025	27	37
16: 49, 47, 46, 

5,5: 0.054312,-0.0532217,0	0.120682,-0.0352889,0	0.0031498	37	42
6,4: 4.85723e-17,-0.099209,0	0.054312,-0.0905368,0	0.0025	29	38
16: 55, 53, 52, 

6,5: 0.054312,-0.0905368,0	0.120682,-0.10847,0	0.0031498	38	43
17: 10, 61, 53, 54, 


7,5: 0.054312,-0.126403,0	0.120682,-0.10847,0	0.0031498	39	43
17: 10, 55, 59, 60, 

0,3: 4.85723e-17,0.135075,0	0.054312,0.126403,0	0.0025	16	32
15: 19, 18, 15, 

0,4: 4.85723e-17,0.11773,0	0.054312,0.126403,0	0.0025	17	32
16: 19, 17, 16, 

1,5: 0.054312,0.0905368,0	0.120682,0.10847,0	0.0031498	33	40
17: 7, 19, 23, 24, 

17: 8, 37, 29, 30, 

3,5: 0.054312,0.017356,0	0.120682,0.0352889,0	0.0031498	35	41
17: 8, 31, 35, 36, 

Sub Network Vessels:
arteries
17: 9, 43, 47, 48, 

0,5: 0.054312,0.126403,0	0.120682,0.10847,0	0.0031498	32	40
17: 7, 25, 17, 18, 

Time Excluding MPI Initialization and Finalize: 1.484
4,0: -0.120682,-0.0352889,0	-0.054312,-0.017356,0	0.0031498	6	12
0: 5, 44, 39, 40, 

4,1: -0.054312,-0.017356,0	-4.85723e-17,-0.00868385,0	0.0025	12	24
1: 38, 40, 41, 

4,2: -0.054312,-0.017356,0	-4.85723e-17,-0.0260282,0	0.0025	12	25
2: 38, 39, 42, 


Veins
4,3: 4.85723e-17,-0.00868385,0	0.054312,-0.017356,0	0.0025	24	36
15: 43, 42, 39, 

4,4: 4.85723e-17,-0.0260282,0	0.054312,-0.017356,0	0.0025	25	36
16: 43, 41, 40, 

4,5: 0.054312,-0.017356,0	0.120682,-0.0352889,0	0.0031498	36	42
17: 9, 49, 41, 42, 

Total Time: 1.76602
